2020/07/25-14:44:10.434561 7f47e82bf700 RocksDB version: 6.6.4
2020/07/25-14:44:10.434578 7f47e82bf700 Git sha rocksdb_build_git_sha:@551a110918493a19d11243f53408b97485de1411@
2020/07/25-14:44:10.434579 7f47e82bf700 Compile date May 14 2020
2020/07/25-14:44:10.434581 7f47e82bf700 DB SUMMARY
2020/07/25-14:44:10.434602 7f47e82bf700 CURRENT file:  CURRENT
2020/07/25-14:44:10.434603 7f47e82bf700 IDENTITY file:  IDENTITY
2020/07/25-14:44:10.434606 7f47e82bf700 MANIFEST file:  MANIFEST-000001 size: 13 Bytes
2020/07/25-14:44:10.434607 7f47e82bf700 SST files in db.ss2/secretstore/db dir, Total Num: 0, files: 
2020/07/25-14:44:10.434609 7f47e82bf700 Write Ahead Log file in db.ss2/secretstore/db: 000003.log size: 0 ; 
2020/07/25-14:44:10.434610 7f47e82bf700                         Options.error_if_exists: 0
2020/07/25-14:44:10.434612 7f47e82bf700                       Options.create_if_missing: 1
2020/07/25-14:44:10.434613 7f47e82bf700                         Options.paranoid_checks: 1
2020/07/25-14:44:10.434614 7f47e82bf700                                     Options.env: 0x558f1ed9bb40
2020/07/25-14:44:10.434615 7f47e82bf700                                Options.info_log: 0x558f20f01c60
2020/07/25-14:44:10.434616 7f47e82bf700                Options.max_file_opening_threads: 16
2020/07/25-14:44:10.434617 7f47e82bf700                              Options.statistics: (nil)
2020/07/25-14:44:10.434618 7f47e82bf700                               Options.use_fsync: 0
2020/07/25-14:44:10.434619 7f47e82bf700                       Options.max_log_file_size: 0
2020/07/25-14:44:10.434620 7f47e82bf700                  Options.max_manifest_file_size: 1073741824
2020/07/25-14:44:10.434621 7f47e82bf700                   Options.log_file_time_to_roll: 0
2020/07/25-14:44:10.434622 7f47e82bf700                       Options.keep_log_file_num: 1
2020/07/25-14:44:10.434623 7f47e82bf700                    Options.recycle_log_file_num: 0
2020/07/25-14:44:10.434624 7f47e82bf700                         Options.allow_fallocate: 1
2020/07/25-14:44:10.434625 7f47e82bf700                        Options.allow_mmap_reads: 0
2020/07/25-14:44:10.434626 7f47e82bf700                       Options.allow_mmap_writes: 0
2020/07/25-14:44:10.434627 7f47e82bf700                        Options.use_direct_reads: 0
2020/07/25-14:44:10.434628 7f47e82bf700                        Options.use_direct_io_for_flush_and_compaction: 0
2020/07/25-14:44:10.434629 7f47e82bf700          Options.create_missing_column_families: 0
2020/07/25-14:44:10.434630 7f47e82bf700                              Options.db_log_dir: 
2020/07/25-14:44:10.434631 7f47e82bf700                                 Options.wal_dir: db.ss2/secretstore/db
2020/07/25-14:44:10.434632 7f47e82bf700                Options.table_cache_numshardbits: 6
2020/07/25-14:44:10.434633 7f47e82bf700                      Options.max_subcompactions: 1
2020/07/25-14:44:10.434634 7f47e82bf700                  Options.max_background_flushes: -1
2020/07/25-14:44:10.434635 7f47e82bf700                         Options.WAL_ttl_seconds: 0
2020/07/25-14:44:10.434636 7f47e82bf700                       Options.WAL_size_limit_MB: 0
2020/07/25-14:44:10.434636 7f47e82bf700                        Options.max_write_batch_group_size_bytes: 1048576
2020/07/25-14:44:10.434637 7f47e82bf700             Options.manifest_preallocation_size: 4194304
2020/07/25-14:44:10.434638 7f47e82bf700                     Options.is_fd_close_on_exec: 1
2020/07/25-14:44:10.434639 7f47e82bf700                   Options.advise_random_on_open: 1
2020/07/25-14:44:10.434640 7f47e82bf700                    Options.db_write_buffer_size: 0
2020/07/25-14:44:10.434641 7f47e82bf700                    Options.write_buffer_manager: 0x558f20f3e9b0
2020/07/25-14:44:10.434642 7f47e82bf700         Options.access_hint_on_compaction_start: 1
2020/07/25-14:44:10.434643 7f47e82bf700  Options.new_table_reader_for_compaction_inputs: 0
2020/07/25-14:44:10.434644 7f47e82bf700           Options.random_access_max_buffer_size: 1048576
2020/07/25-14:44:10.434645 7f47e82bf700                      Options.use_adaptive_mutex: 0
2020/07/25-14:44:10.434646 7f47e82bf700                            Options.rate_limiter: (nil)
2020/07/25-14:44:10.434655 7f47e82bf700     Options.sst_file_manager.rate_bytes_per_sec: 0
2020/07/25-14:44:10.434656 7f47e82bf700                       Options.wal_recovery_mode: 2
2020/07/25-14:44:10.434657 7f47e82bf700                  Options.enable_thread_tracking: 0
2020/07/25-14:44:10.434658 7f47e82bf700                  Options.enable_pipelined_write: 0
2020/07/25-14:44:10.434659 7f47e82bf700                  Options.unordered_write: 0
2020/07/25-14:44:10.434660 7f47e82bf700         Options.allow_concurrent_memtable_write: 1
2020/07/25-14:44:10.434661 7f47e82bf700      Options.enable_write_thread_adaptive_yield: 1
2020/07/25-14:44:10.434662 7f47e82bf700             Options.write_thread_max_yield_usec: 100
2020/07/25-14:44:10.434663 7f47e82bf700            Options.write_thread_slow_yield_usec: 3
2020/07/25-14:44:10.434664 7f47e82bf700                               Options.row_cache: None
2020/07/25-14:44:10.434665 7f47e82bf700                              Options.wal_filter: None
2020/07/25-14:44:10.434666 7f47e82bf700             Options.avoid_flush_during_recovery: 0
2020/07/25-14:44:10.434666 7f47e82bf700             Options.allow_ingest_behind: 0
2020/07/25-14:44:10.434667 7f47e82bf700             Options.preserve_deletes: 0
2020/07/25-14:44:10.434668 7f47e82bf700             Options.two_write_queues: 0
2020/07/25-14:44:10.434669 7f47e82bf700             Options.manual_wal_flush: 0
2020/07/25-14:44:10.434670 7f47e82bf700             Options.atomic_flush: 0
2020/07/25-14:44:10.434671 7f47e82bf700             Options.avoid_unnecessary_blocking_io: 0
2020/07/25-14:44:10.434672 7f47e82bf700                 Options.persist_stats_to_disk: 0
2020/07/25-14:44:10.434673 7f47e82bf700                 Options.write_dbid_to_manifest: 0
2020/07/25-14:44:10.434674 7f47e82bf700                 Options.log_readahead_size: 0
2020/07/25-14:44:10.434675 7f47e82bf700             Options.max_background_jobs: 1
2020/07/25-14:44:10.434676 7f47e82bf700             Options.max_background_compactions: -1
2020/07/25-14:44:10.434677 7f47e82bf700             Options.avoid_flush_during_shutdown: 0
2020/07/25-14:44:10.434677 7f47e82bf700           Options.writable_file_max_buffer_size: 1048576
2020/07/25-14:44:10.434678 7f47e82bf700             Options.delayed_write_rate : 16777216
2020/07/25-14:44:10.434679 7f47e82bf700             Options.max_total_wal_size: 0
2020/07/25-14:44:10.434680 7f47e82bf700             Options.delete_obsolete_files_period_micros: 21600000000
2020/07/25-14:44:10.434681 7f47e82bf700                   Options.stats_dump_period_sec: 600
2020/07/25-14:44:10.434682 7f47e82bf700                 Options.stats_persist_period_sec: 600
2020/07/25-14:44:10.434683 7f47e82bf700                 Options.stats_history_buffer_size: 1048576
2020/07/25-14:44:10.434684 7f47e82bf700                          Options.max_open_files: 512
2020/07/25-14:44:10.434686 7f47e82bf700                          Options.bytes_per_sync: 1048576
2020/07/25-14:44:10.434687 7f47e82bf700                      Options.wal_bytes_per_sync: 0
2020/07/25-14:44:10.434688 7f47e82bf700                   Options.strict_bytes_per_sync: 0
2020/07/25-14:44:10.434689 7f47e82bf700       Options.compaction_readahead_size: 0
2020/07/25-14:44:10.434690 7f47e82bf700 Compression algorithms supported:
2020/07/25-14:44:10.434692 7f47e82bf700 	kZSTDNotFinalCompression supported: 0
2020/07/25-14:44:10.434694 7f47e82bf700 	kZSTD supported: 0
2020/07/25-14:44:10.434695 7f47e82bf700 	kXpressCompression supported: 0
2020/07/25-14:44:10.434696 7f47e82bf700 	kLZ4HCCompression supported: 0
2020/07/25-14:44:10.434697 7f47e82bf700 	kLZ4Compression supported: 0
2020/07/25-14:44:10.434699 7f47e82bf700 	kBZip2Compression supported: 0
2020/07/25-14:44:10.434699 7f47e82bf700 	kZlibCompression supported: 0
2020/07/25-14:44:10.434700 7f47e82bf700 	kSnappyCompression supported: 1
2020/07/25-14:44:10.434705 7f47e82bf700 Fast CRC32 supported: Supported on x86
2020/07/25-14:44:10.434828 7f47e82bf700 [version_set.cc:4377] Recovering from manifest file: db.ss2/secretstore/db/MANIFEST-000001
2020/07/25-14:44:10.434893 7f47e82bf700 [column_family.cc:550] --------------- Options for column family [default]:
2020/07/25-14:44:10.434895 7f47e82bf700               Options.comparator: leveldb.BytewiseComparator
2020/07/25-14:44:10.434896 7f47e82bf700           Options.merge_operator: None
2020/07/25-14:44:10.434897 7f47e82bf700        Options.compaction_filter: None
2020/07/25-14:44:10.434898 7f47e82bf700        Options.compaction_filter_factory: None
2020/07/25-14:44:10.434899 7f47e82bf700         Options.memtable_factory: SkipListFactory
2020/07/25-14:44:10.434908 7f47e82bf700            Options.table_factory: BlockBasedTable
2020/07/25-14:44:10.434926 7f47e82bf700            table_factory options:   flush_block_policy_factory: FlushBlockBySizePolicyFactory (0x558f20f679b0)
  cache_index_and_filter_blocks: 0
  cache_index_and_filter_blocks_with_high_priority: 1
  pin_l0_filter_and_index_blocks_in_cache: 0
  pin_top_level_index_and_filter: 1
  index_type: 0
  data_block_index_type: 0
  index_shortening: 1
  data_block_hash_table_util_ratio: 0.750000
  hash_index_allow_collision: 1
  checksum: 1
  no_block_cache: 0
  block_cache: 0x558f20f67390
  block_cache_name: LRUCache
  block_cache_options:
    capacity : 8388608
    num_shard_bits : 4
    strict_capacity_limit : 0
    memory_allocator : None
    high_pri_pool_ratio: 0.000
  block_cache_compressed: (nil)
  persistent_cache: (nil)
  block_size: 4096
  block_size_deviation: 10
  block_restart_interval: 16
  index_block_restart_interval: 1
  metadata_block_size: 4096
  partition_filters: 0
  use_delta_encoding: 1
  filter_policy: nullptr
  whole_key_filtering: 1
  verify_compression: 0
  read_amp_bytes_per_bit: 0
  format_version: 2
  enable_index_compression: 1
  block_align: 0
2020/07/25-14:44:10.434929 7f47e82bf700        Options.write_buffer_size: 67108864
2020/07/25-14:44:10.434930 7f47e82bf700  Options.max_write_buffer_number: 2
2020/07/25-14:44:10.434931 7f47e82bf700          Options.compression: Snappy
2020/07/25-14:44:10.434932 7f47e82bf700                  Options.bottommost_compression: Disabled
2020/07/25-14:44:10.434933 7f47e82bf700       Options.prefix_extractor: nullptr
2020/07/25-14:44:10.434934 7f47e82bf700   Options.memtable_insert_with_hint_prefix_extractor: nullptr
2020/07/25-14:44:10.434935 7f47e82bf700             Options.num_levels: 7
2020/07/25-14:44:10.434936 7f47e82bf700        Options.min_write_buffer_number_to_merge: 1
2020/07/25-14:44:10.434937 7f47e82bf700     Options.max_write_buffer_number_to_maintain: 0
2020/07/25-14:44:10.434938 7f47e82bf700     Options.max_write_buffer_size_to_maintain: 0
2020/07/25-14:44:10.434939 7f47e82bf700            Options.bottommost_compression_opts.window_bits: -14
2020/07/25-14:44:10.434940 7f47e82bf700                  Options.bottommost_compression_opts.level: 32767
2020/07/25-14:44:10.434941 7f47e82bf700               Options.bottommost_compression_opts.strategy: 0
2020/07/25-14:44:10.434942 7f47e82bf700         Options.bottommost_compression_opts.max_dict_bytes: 0
2020/07/25-14:44:10.434943 7f47e82bf700         Options.bottommost_compression_opts.zstd_max_train_bytes: 0
2020/07/25-14:44:10.434944 7f47e82bf700                  Options.bottommost_compression_opts.enabled: false
2020/07/25-14:44:10.434945 7f47e82bf700            Options.compression_opts.window_bits: -14
2020/07/25-14:44:10.434946 7f47e82bf700                  Options.compression_opts.level: 32767
2020/07/25-14:44:10.434947 7f47e82bf700               Options.compression_opts.strategy: 0
2020/07/25-14:44:10.434948 7f47e82bf700         Options.compression_opts.max_dict_bytes: 0
2020/07/25-14:44:10.434949 7f47e82bf700         Options.compression_opts.zstd_max_train_bytes: 0
2020/07/25-14:44:10.434949 7f47e82bf700                  Options.compression_opts.enabled: false
2020/07/25-14:44:10.434950 7f47e82bf700      Options.level0_file_num_compaction_trigger: 4
2020/07/25-14:44:10.434951 7f47e82bf700          Options.level0_slowdown_writes_trigger: 20
2020/07/25-14:44:10.434952 7f47e82bf700              Options.level0_stop_writes_trigger: 36
2020/07/25-14:44:10.434960 7f47e82bf700                   Options.target_file_size_base: 67108864
2020/07/25-14:44:10.434961 7f47e82bf700             Options.target_file_size_multiplier: 1
2020/07/25-14:44:10.434962 7f47e82bf700                Options.max_bytes_for_level_base: 268435456
2020/07/25-14:44:10.434963 7f47e82bf700 Options.level_compaction_dynamic_level_bytes: 0
2020/07/25-14:44:10.434964 7f47e82bf700          Options.max_bytes_for_level_multiplier: 10.000000
2020/07/25-14:44:10.434966 7f47e82bf700 Options.max_bytes_for_level_multiplier_addtl[0]: 1
2020/07/25-14:44:10.434967 7f47e82bf700 Options.max_bytes_for_level_multiplier_addtl[1]: 1
2020/07/25-14:44:10.434968 7f47e82bf700 Options.max_bytes_for_level_multiplier_addtl[2]: 1
2020/07/25-14:44:10.434969 7f47e82bf700 Options.max_bytes_for_level_multiplier_addtl[3]: 1
2020/07/25-14:44:10.434970 7f47e82bf700 Options.max_bytes_for_level_multiplier_addtl[4]: 1
2020/07/25-14:44:10.434971 7f47e82bf700 Options.max_bytes_for_level_multiplier_addtl[5]: 1
2020/07/25-14:44:10.434972 7f47e82bf700 Options.max_bytes_for_level_multiplier_addtl[6]: 1
2020/07/25-14:44:10.434973 7f47e82bf700       Options.max_sequential_skip_in_iterations: 8
2020/07/25-14:44:10.434974 7f47e82bf700                    Options.max_compaction_bytes: 1677721600
2020/07/25-14:44:10.434975 7f47e82bf700                        Options.arena_block_size: 8388608
2020/07/25-14:44:10.434976 7f47e82bf700   Options.soft_pending_compaction_bytes_limit: 68719476736
2020/07/25-14:44:10.434977 7f47e82bf700   Options.hard_pending_compaction_bytes_limit: 274877906944
2020/07/25-14:44:10.434978 7f47e82bf700       Options.rate_limit_delay_max_milliseconds: 100
2020/07/25-14:44:10.434979 7f47e82bf700                Options.disable_auto_compactions: 0
2020/07/25-14:44:10.434980 7f47e82bf700                        Options.compaction_style: kCompactionStyleLevel
2020/07/25-14:44:10.434982 7f47e82bf700                          Options.compaction_pri: kMinOverlappingRatio
2020/07/25-14:44:10.434983 7f47e82bf700 Options.compaction_options_universal.size_ratio: 1
2020/07/25-14:44:10.434984 7f47e82bf700 Options.compaction_options_universal.min_merge_width: 2
2020/07/25-14:44:10.434985 7f47e82bf700 Options.compaction_options_universal.max_merge_width: 4294967295
2020/07/25-14:44:10.434986 7f47e82bf700 Options.compaction_options_universal.max_size_amplification_percent: 200
2020/07/25-14:44:10.434987 7f47e82bf700 Options.compaction_options_universal.compression_size_percent: -1
2020/07/25-14:44:10.434988 7f47e82bf700 Options.compaction_options_universal.stop_style: kCompactionStopStyleTotalSize
2020/07/25-14:44:10.434989 7f47e82bf700 Options.compaction_options_fifo.max_table_files_size: 1073741824
2020/07/25-14:44:10.434990 7f47e82bf700 Options.compaction_options_fifo.allow_compaction: 0
2020/07/25-14:44:10.434991 7f47e82bf700                   Options.table_properties_collectors: 
2020/07/25-14:44:10.434992 7f47e82bf700                   Options.inplace_update_support: 0
2020/07/25-14:44:10.434993 7f47e82bf700                 Options.inplace_update_num_locks: 10000
2020/07/25-14:44:10.434994 7f47e82bf700               Options.memtable_prefix_bloom_size_ratio: 0.000000
2020/07/25-14:44:10.434995 7f47e82bf700               Options.memtable_whole_key_filtering: 0
2020/07/25-14:44:10.434996 7f47e82bf700   Options.memtable_huge_page_size: 0
2020/07/25-14:44:10.434997 7f47e82bf700                           Options.bloom_locality: 0
2020/07/25-14:44:10.434998 7f47e82bf700                    Options.max_successive_merges: 0
2020/07/25-14:44:10.434998 7f47e82bf700                Options.optimize_filters_for_hits: 0
2020/07/25-14:44:10.434999 7f47e82bf700                Options.paranoid_file_checks: 0
2020/07/25-14:44:10.435000 7f47e82bf700                Options.force_consistency_checks: 0
2020/07/25-14:44:10.435001 7f47e82bf700                Options.report_bg_io_stats: 0
2020/07/25-14:44:10.435002 7f47e82bf700                               Options.ttl: 2592000
2020/07/25-14:44:10.435003 7f47e82bf700          Options.periodic_compaction_seconds: 0
2020/07/25-14:44:10.435656 7f47e82bf700 [version_set.cc:4527] Recovered from manifest file:db.ss2/secretstore/db/MANIFEST-000001 succeeded,manifest_file_number is 1, next_file_number is 3, last_sequence is 0, log_number is 0,prev_log_number is 0,max_column_family is 0,min_log_number_to_keep is 0
2020/07/25-14:44:10.435663 7f47e82bf700 [version_set.cc:4536] Column family [default] (ID 0), log number is 0
2020/07/25-14:44:10.435774 7f47e82bf700 EVENT_LOG_v1 {"time_micros": 1595688250435767, "job": 1, "event": "recovery_started", "log_files": [3]}
2020/07/25-14:44:10.435778 7f47e82bf700 [db_impl/db_impl_open.cc:735] Recovering log #3 mode 2
2020/07/25-14:44:10.435842 7f47e82bf700 [version_set.cc:3788] Creating manifest 5
2020/07/25-14:44:10.441750 7f47e82bf700 EVENT_LOG_v1 {"time_micros": 1595688250441743, "job": 1, "event": "recovery_finished"}
2020/07/25-14:44:10.441962 7f47e82bf700 [db_impl/db_impl_files.cc:533] [JOB 2] Delete info log file db.ss2/secretstore/db//LOG.old.1595688250434444
2020/07/25-14:44:10.445841 7f47e82bf700 DB pointer 0x558f20f45280
2020/07/25-14:44:10.446104 7f47b17e7700 [db_impl/db_impl.cc:858] ------- DUMPING STATS -------
2020/07/25-14:44:10.446129 7f47b17e7700 [db_impl/db_impl.cc:859] 
** DB Stats **
Uptime(secs): 0.0 total, 0.0 interval
Cumulative writes: 0 writes, 0 keys, 0 commit groups, 0.0 writes per commit group, ingest: 0.00 GB, 0.00 MB/s
Cumulative WAL: 0 writes, 0 syncs, 0.00 writes per sync, written: 0.00 GB, 0.00 MB/s
Cumulative stall: 00:00:0.000 H:M:S, 0.0 percent
Interval writes: 0 writes, 0 keys, 0 commit groups, 0.0 writes per commit group, ingest: 0.00 MB, 0.00 MB/s
Interval WAL: 0 writes, 0 syncs, 0.00 writes per sync, written: 0.00 MB, 0.00 MB/s
Interval stall: 00:00:0.000 H:M:S, 0.0 percent

** Compaction Stats [default] **
Level    Files   Size     Score Read(GB)  Rn(GB) Rnp1(GB) Write(GB) Wnew(GB) Moved(GB) W-Amp Rd(MB/s) Wr(MB/s) Comp(sec) CompMergeCPU(sec) Comp(cnt) Avg(sec) KeyIn KeyDrop
----------------------------------------------------------------------------------------------------------------------------------------------------------------------------
 Sum      0/0    0.00 KB   0.0      0.0     0.0      0.0       0.0      0.0       0.0   0.0      0.0      0.0      0.00              0.00         0    0.000       0      0
 Int      0/0    0.00 KB   0.0      0.0     0.0      0.0       0.0      0.0       0.0   0.0      0.0      0.0      0.00              0.00         0    0.000       0      0

** Compaction Stats [default] **
Priority    Files   Size     Score Read(GB)  Rn(GB) Rnp1(GB) Write(GB) Wnew(GB) Moved(GB) W-Amp Rd(MB/s) Wr(MB/s) Comp(sec) CompMergeCPU(sec) Comp(cnt) Avg(sec) KeyIn KeyDrop
-------------------------------------------------------------------------------------------------------------------------------------------------------------------------------
Uptime(secs): 0.0 total, 0.0 interval
Flush(GB): cumulative 0.000, interval 0.000
AddFile(GB): cumulative 0.000, interval 0.000
AddFile(Total Files): cumulative 0, interval 0
AddFile(L0 Files): cumulative 0, interval 0
AddFile(Keys): cumulative 0, interval 0
Cumulative compaction: 0.00 GB write, 0.00 MB/s write, 0.00 GB read, 0.00 MB/s read, 0.0 seconds
Interval compaction: 0.00 GB write, 0.00 MB/s write, 0.00 GB read, 0.00 MB/s read, 0.0 seconds
Stalls(count): 0 level0_slowdown, 0 level0_slowdown_with_compaction, 0 level0_numfiles, 0 level0_numfiles_with_compaction, 0 stop for pending_compaction_bytes, 0 slowdown for pending_compaction_bytes, 0 memtable_compaction, 0 memtable_slowdown, interval 0 total count

** File Read Latency Histogram By Level [default] **

** Compaction Stats [default] **
Level    Files   Size     Score Read(GB)  Rn(GB) Rnp1(GB) Write(GB) Wnew(GB) Moved(GB) W-Amp Rd(MB/s) Wr(MB/s) Comp(sec) CompMergeCPU(sec) Comp(cnt) Avg(sec) KeyIn KeyDrop
----------------------------------------------------------------------------------------------------------------------------------------------------------------------------
 Sum      0/0    0.00 KB   0.0      0.0     0.0      0.0       0.0      0.0       0.0   0.0      0.0      0.0      0.00              0.00         0    0.000       0      0
 Int      0/0    0.00 KB   0.0      0.0     0.0      0.0       0.0      0.0       0.0   0.0      0.0      0.0      0.00              0.00         0    0.000       0      0

** Compaction Stats [default] **
Priority    Files   Size     Score Read(GB)  Rn(GB) Rnp1(GB) Write(GB) Wnew(GB) Moved(GB) W-Amp Rd(MB/s) Wr(MB/s) Comp(sec) CompMergeCPU(sec) Comp(cnt) Avg(sec) KeyIn KeyDrop
-------------------------------------------------------------------------------------------------------------------------------------------------------------------------------
Uptime(secs): 0.0 total, 0.0 interval
Flush(GB): cumulative 0.000, interval 0.000
AddFile(GB): cumulative 0.000, interval 0.000
AddFile(Total Files): cumulative 0, interval 0
AddFile(L0 Files): cumulative 0, interval 0
AddFile(Keys): cumulative 0, interval 0
Cumulative compaction: 0.00 GB write, 0.00 MB/s write, 0.00 GB read, 0.00 MB/s read, 0.0 seconds
Interval compaction: 0.00 GB write, 0.00 MB/s write, 0.00 GB read, 0.00 MB/s read, 0.0 seconds
Stalls(count): 0 level0_slowdown, 0 level0_slowdown_with_compaction, 0 level0_numfiles, 0 level0_numfiles_with_compaction, 0 stop for pending_compaction_bytes, 0 slowdown for pending_compaction_bytes, 0 memtable_compaction, 0 memtable_slowdown, interval 0 total count

** File Read Latency Histogram By Level [default] **
2020/07/25-14:44:10.448020 7f47e82bf700 [column_family.cc:550] --------------- Options for column family [col0]:
2020/07/25-14:44:10.448026 7f47e82bf700               Options.comparator: leveldb.BytewiseComparator
2020/07/25-14:44:10.448028 7f47e82bf700           Options.merge_operator: None
2020/07/25-14:44:10.448029 7f47e82bf700        Options.compaction_filter: None
2020/07/25-14:44:10.448030 7f47e82bf700        Options.compaction_filter_factory: None
2020/07/25-14:44:10.448031 7f47e82bf700         Options.memtable_factory: SkipListFactory
2020/07/25-14:44:10.448032 7f47e82bf700            Options.table_factory: BlockBasedTable
2020/07/25-14:44:10.448056 7f47e82bf700            table_factory options:   flush_block_policy_factory: FlushBlockBySizePolicyFactory (0x558f20f529d0)
  cache_index_and_filter_blocks: 1
  cache_index_and_filter_blocks_with_high_priority: 1
  pin_l0_filter_and_index_blocks_in_cache: 1
  pin_top_level_index_and_filter: 1
  index_type: 0
  data_block_index_type: 0
  index_shortening: 1
  data_block_hash_table_util_ratio: 0.750000
  hash_index_allow_collision: 1
  checksum: 1
  no_block_cache: 0
  block_cache: 0x558f20f17eb0
  block_cache_name: LRUCache
  block_cache_options:
    capacity : 44739242
    num_shard_bits : 6
    strict_capacity_limit : 0
    memory_allocator : None
    high_pri_pool_ratio: 0.500
  block_cache_compressed: (nil)
  persistent_cache: (nil)
  block_size: 16384
  block_size_deviation: 10
  block_restart_interval: 16
  index_block_restart_interval: 1
  metadata_block_size: 4096
  partition_filters: 0
  use_delta_encoding: 1
  filter_policy: rocksdb.BuiltinBloomFilter
  whole_key_filtering: 1
  verify_compression: 0
  read_amp_bytes_per_bit: 0
  format_version: 2
  enable_index_compression: 1
  block_align: 0
2020/07/25-14:44:10.448059 7f47e82bf700        Options.write_buffer_size: 33554432
2020/07/25-14:44:10.448060 7f47e82bf700  Options.max_write_buffer_number: 6
2020/07/25-14:44:10.448061 7f47e82bf700          Options.compression: Snappy
2020/07/25-14:44:10.448063 7f47e82bf700                  Options.bottommost_compression: Disabled
2020/07/25-14:44:10.448064 7f47e82bf700       Options.prefix_extractor: nullptr
2020/07/25-14:44:10.448065 7f47e82bf700   Options.memtable_insert_with_hint_prefix_extractor: nullptr
2020/07/25-14:44:10.448066 7f47e82bf700             Options.num_levels: 7
2020/07/25-14:44:10.448067 7f47e82bf700        Options.min_write_buffer_number_to_merge: 2
2020/07/25-14:44:10.448068 7f47e82bf700     Options.max_write_buffer_number_to_maintain: 0
2020/07/25-14:44:10.448069 7f47e82bf700     Options.max_write_buffer_size_to_maintain: 0
2020/07/25-14:44:10.448070 7f47e82bf700            Options.bottommost_compression_opts.window_bits: -14
2020/07/25-14:44:10.448071 7f47e82bf700                  Options.bottommost_compression_opts.level: 32767
2020/07/25-14:44:10.448072 7f47e82bf700               Options.bottommost_compression_opts.strategy: 0
2020/07/25-14:44:10.448073 7f47e82bf700         Options.bottommost_compression_opts.max_dict_bytes: 0
2020/07/25-14:44:10.448074 7f47e82bf700         Options.bottommost_compression_opts.zstd_max_train_bytes: 0
2020/07/25-14:44:10.448075 7f47e82bf700                  Options.bottommost_compression_opts.enabled: false
2020/07/25-14:44:10.448076 7f47e82bf700            Options.compression_opts.window_bits: -14
2020/07/25-14:44:10.448077 7f47e82bf700                  Options.compression_opts.level: 32767
2020/07/25-14:44:10.448078 7f47e82bf700               Options.compression_opts.strategy: 0
2020/07/25-14:44:10.448079 7f47e82bf700         Options.compression_opts.max_dict_bytes: 0
2020/07/25-14:44:10.448080 7f47e82bf700         Options.compression_opts.zstd_max_train_bytes: 0
2020/07/25-14:44:10.448081 7f47e82bf700                  Options.compression_opts.enabled: false
2020/07/25-14:44:10.448082 7f47e82bf700      Options.level0_file_num_compaction_trigger: 2
2020/07/25-14:44:10.448083 7f47e82bf700          Options.level0_slowdown_writes_trigger: 20
2020/07/25-14:44:10.448084 7f47e82bf700              Options.level0_stop_writes_trigger: 36
2020/07/25-14:44:10.448095 7f47e82bf700                   Options.target_file_size_base: 67108864
2020/07/25-14:44:10.448096 7f47e82bf700             Options.target_file_size_multiplier: 1
2020/07/25-14:44:10.448097 7f47e82bf700                Options.max_bytes_for_level_base: 134217728
2020/07/25-14:44:10.448098 7f47e82bf700 Options.level_compaction_dynamic_level_bytes: 1
2020/07/25-14:44:10.448099 7f47e82bf700          Options.max_bytes_for_level_multiplier: 10.000000
2020/07/25-14:44:10.448101 7f47e82bf700 Options.max_bytes_for_level_multiplier_addtl[0]: 1
2020/07/25-14:44:10.448102 7f47e82bf700 Options.max_bytes_for_level_multiplier_addtl[1]: 1
2020/07/25-14:44:10.448103 7f47e82bf700 Options.max_bytes_for_level_multiplier_addtl[2]: 1
2020/07/25-14:44:10.448104 7f47e82bf700 Options.max_bytes_for_level_multiplier_addtl[3]: 1
2020/07/25-14:44:10.448105 7f47e82bf700 Options.max_bytes_for_level_multiplier_addtl[4]: 1
2020/07/25-14:44:10.448106 7f47e82bf700 Options.max_bytes_for_level_multiplier_addtl[5]: 1
2020/07/25-14:44:10.448107 7f47e82bf700 Options.max_bytes_for_level_multiplier_addtl[6]: 1
2020/07/25-14:44:10.448108 7f47e82bf700       Options.max_sequential_skip_in_iterations: 8
2020/07/25-14:44:10.448109 7f47e82bf700                    Options.max_compaction_bytes: 1677721600
2020/07/25-14:44:10.448110 7f47e82bf700                        Options.arena_block_size: 4194304
2020/07/25-14:44:10.448111 7f47e82bf700   Options.soft_pending_compaction_bytes_limit: 68719476736
2020/07/25-14:44:10.448112 7f47e82bf700   Options.hard_pending_compaction_bytes_limit: 274877906944
2020/07/25-14:44:10.448113 7f47e82bf700       Options.rate_limit_delay_max_milliseconds: 100
2020/07/25-14:44:10.448114 7f47e82bf700                Options.disable_auto_compactions: 0
2020/07/25-14:44:10.448115 7f47e82bf700                        Options.compaction_style: kCompactionStyleLevel
2020/07/25-14:44:10.448117 7f47e82bf700                          Options.compaction_pri: kMinOverlappingRatio
2020/07/25-14:44:10.448118 7f47e82bf700 Options.compaction_options_universal.size_ratio: 1
2020/07/25-14:44:10.448119 7f47e82bf700 Options.compaction_options_universal.min_merge_width: 2
2020/07/25-14:44:10.448120 7f47e82bf700 Options.compaction_options_universal.max_merge_width: 4294967295
2020/07/25-14:44:10.448128 7f47e82bf700 Options.compaction_options_universal.max_size_amplification_percent: 200
2020/07/25-14:44:10.448129 7f47e82bf700 Options.compaction_options_universal.compression_size_percent: -1
2020/07/25-14:44:10.448131 7f47e82bf700 Options.compaction_options_universal.stop_style: kCompactionStopStyleTotalSize
2020/07/25-14:44:10.448132 7f47e82bf700 Options.compaction_options_fifo.max_table_files_size: 1073741824
2020/07/25-14:44:10.448133 7f47e82bf700 Options.compaction_options_fifo.allow_compaction: 0
2020/07/25-14:44:10.448134 7f47e82bf700                   Options.table_properties_collectors: 
2020/07/25-14:44:10.448135 7f47e82bf700                   Options.inplace_update_support: 0
2020/07/25-14:44:10.448136 7f47e82bf700                 Options.inplace_update_num_locks: 10000
2020/07/25-14:44:10.448137 7f47e82bf700               Options.memtable_prefix_bloom_size_ratio: 0.000000
2020/07/25-14:44:10.448138 7f47e82bf700               Options.memtable_whole_key_filtering: 0
2020/07/25-14:44:10.448139 7f47e82bf700   Options.memtable_huge_page_size: 0
2020/07/25-14:44:10.448140 7f47e82bf700                           Options.bloom_locality: 0
2020/07/25-14:44:10.448141 7f47e82bf700                    Options.max_successive_merges: 0
2020/07/25-14:44:10.448142 7f47e82bf700                Options.optimize_filters_for_hits: 0
2020/07/25-14:44:10.448143 7f47e82bf700                Options.paranoid_file_checks: 0
2020/07/25-14:44:10.448144 7f47e82bf700                Options.force_consistency_checks: 0
2020/07/25-14:44:10.448145 7f47e82bf700                Options.report_bg_io_stats: 0
2020/07/25-14:44:10.448146 7f47e82bf700                               Options.ttl: 2592000
2020/07/25-14:44:10.448147 7f47e82bf700          Options.periodic_compaction_seconds: 0
2020/07/25-14:44:10.448186 7f47e82bf700 [db_impl/db_impl.cc:2307] Created column family [col0] (ID 1)
2020/07/25-14:44:16.662285 7f47e56fd700 [db_impl/db_impl.cc:401] Shutdown: canceling all background work
2020/07/25-14:44:16.662723 7f47e56fd700 [db_impl/db_impl.cc:582] Shutdown complete
