2020/07/25-14:45:10.283844 7fcc1224f700 RocksDB version: 6.6.4
2020/07/25-14:45:10.283861 7fcc1224f700 Git sha rocksdb_build_git_sha:@551a110918493a19d11243f53408b97485de1411@
2020/07/25-14:45:10.283863 7fcc1224f700 Compile date May 14 2020
2020/07/25-14:45:10.283865 7fcc1224f700 DB SUMMARY
2020/07/25-14:45:10.283892 7fcc1224f700 CURRENT file:  CURRENT
2020/07/25-14:45:10.283894 7fcc1224f700 IDENTITY file:  IDENTITY
2020/07/25-14:45:10.283897 7fcc1224f700 MANIFEST file:  MANIFEST-000001 size: 13 Bytes
2020/07/25-14:45:10.283899 7fcc1224f700 SST files in db.ss11/chains/DevelopmentChain/db/1484bce8c021f2ca/overlayrecent/db dir, Total Num: 0, files: 
2020/07/25-14:45:10.283900 7fcc1224f700 Write Ahead Log file in db.ss11/chains/DevelopmentChain/db/1484bce8c021f2ca/overlayrecent/db: 000003.log size: 0 ; 
2020/07/25-14:45:10.283902 7fcc1224f700                         Options.error_if_exists: 0
2020/07/25-14:45:10.283903 7fcc1224f700                       Options.create_if_missing: 1
2020/07/25-14:45:10.283904 7fcc1224f700                         Options.paranoid_checks: 1
2020/07/25-14:45:10.283906 7fcc1224f700                                     Options.env: 0x56221fd36b40
2020/07/25-14:45:10.283907 7fcc1224f700                                Options.info_log: 0x5622219ea4c0
2020/07/25-14:45:10.283908 7fcc1224f700                Options.max_file_opening_threads: 16
2020/07/25-14:45:10.283909 7fcc1224f700                              Options.statistics: (nil)
2020/07/25-14:45:10.283910 7fcc1224f700                               Options.use_fsync: 0
2020/07/25-14:45:10.283911 7fcc1224f700                       Options.max_log_file_size: 0
2020/07/25-14:45:10.283912 7fcc1224f700                  Options.max_manifest_file_size: 1073741824
2020/07/25-14:45:10.283913 7fcc1224f700                   Options.log_file_time_to_roll: 0
2020/07/25-14:45:10.283914 7fcc1224f700                       Options.keep_log_file_num: 1
2020/07/25-14:45:10.283915 7fcc1224f700                    Options.recycle_log_file_num: 0
2020/07/25-14:45:10.283916 7fcc1224f700                         Options.allow_fallocate: 1
2020/07/25-14:45:10.283917 7fcc1224f700                        Options.allow_mmap_reads: 0
2020/07/25-14:45:10.283918 7fcc1224f700                       Options.allow_mmap_writes: 0
2020/07/25-14:45:10.283918 7fcc1224f700                        Options.use_direct_reads: 0
2020/07/25-14:45:10.283919 7fcc1224f700                        Options.use_direct_io_for_flush_and_compaction: 0
2020/07/25-14:45:10.283920 7fcc1224f700          Options.create_missing_column_families: 0
2020/07/25-14:45:10.283921 7fcc1224f700                              Options.db_log_dir: 
2020/07/25-14:45:10.283922 7fcc1224f700                                 Options.wal_dir: db.ss11/chains/DevelopmentChain/db/1484bce8c021f2ca/overlayrecent/db
2020/07/25-14:45:10.283923 7fcc1224f700                Options.table_cache_numshardbits: 6
2020/07/25-14:45:10.283924 7fcc1224f700                      Options.max_subcompactions: 1
2020/07/25-14:45:10.283925 7fcc1224f700                  Options.max_background_flushes: -1
2020/07/25-14:45:10.283926 7fcc1224f700                         Options.WAL_ttl_seconds: 0
2020/07/25-14:45:10.283927 7fcc1224f700                       Options.WAL_size_limit_MB: 0
2020/07/25-14:45:10.283928 7fcc1224f700                        Options.max_write_batch_group_size_bytes: 1048576
2020/07/25-14:45:10.283929 7fcc1224f700             Options.manifest_preallocation_size: 4194304
2020/07/25-14:45:10.283930 7fcc1224f700                     Options.is_fd_close_on_exec: 1
2020/07/25-14:45:10.283931 7fcc1224f700                   Options.advise_random_on_open: 1
2020/07/25-14:45:10.283932 7fcc1224f700                    Options.db_write_buffer_size: 0
2020/07/25-14:45:10.283933 7fcc1224f700                    Options.write_buffer_manager: 0x5622219ecf20
2020/07/25-14:45:10.283934 7fcc1224f700         Options.access_hint_on_compaction_start: 1
2020/07/25-14:45:10.283935 7fcc1224f700  Options.new_table_reader_for_compaction_inputs: 0
2020/07/25-14:45:10.283936 7fcc1224f700           Options.random_access_max_buffer_size: 1048576
2020/07/25-14:45:10.284001 7fcc1224f700                      Options.use_adaptive_mutex: 0
2020/07/25-14:45:10.284003 7fcc1224f700                            Options.rate_limiter: (nil)
2020/07/25-14:45:10.284005 7fcc1224f700     Options.sst_file_manager.rate_bytes_per_sec: 0
2020/07/25-14:45:10.284006 7fcc1224f700                       Options.wal_recovery_mode: 2
2020/07/25-14:45:10.284007 7fcc1224f700                  Options.enable_thread_tracking: 0
2020/07/25-14:45:10.284007 7fcc1224f700                  Options.enable_pipelined_write: 0
2020/07/25-14:45:10.284008 7fcc1224f700                  Options.unordered_write: 0
2020/07/25-14:45:10.284009 7fcc1224f700         Options.allow_concurrent_memtable_write: 1
2020/07/25-14:45:10.284010 7fcc1224f700      Options.enable_write_thread_adaptive_yield: 1
2020/07/25-14:45:10.284011 7fcc1224f700             Options.write_thread_max_yield_usec: 100
2020/07/25-14:45:10.284012 7fcc1224f700            Options.write_thread_slow_yield_usec: 3
2020/07/25-14:45:10.284013 7fcc1224f700                               Options.row_cache: None
2020/07/25-14:45:10.284014 7fcc1224f700                              Options.wal_filter: None
2020/07/25-14:45:10.284015 7fcc1224f700             Options.avoid_flush_during_recovery: 0
2020/07/25-14:45:10.284016 7fcc1224f700             Options.allow_ingest_behind: 0
2020/07/25-14:45:10.284017 7fcc1224f700             Options.preserve_deletes: 0
2020/07/25-14:45:10.284018 7fcc1224f700             Options.two_write_queues: 0
2020/07/25-14:45:10.284019 7fcc1224f700             Options.manual_wal_flush: 0
2020/07/25-14:45:10.284020 7fcc1224f700             Options.atomic_flush: 0
2020/07/25-14:45:10.284021 7fcc1224f700             Options.avoid_unnecessary_blocking_io: 0
2020/07/25-14:45:10.284021 7fcc1224f700                 Options.persist_stats_to_disk: 0
2020/07/25-14:45:10.284022 7fcc1224f700                 Options.write_dbid_to_manifest: 0
2020/07/25-14:45:10.284023 7fcc1224f700                 Options.log_readahead_size: 0
2020/07/25-14:45:10.284024 7fcc1224f700             Options.max_background_jobs: 1
2020/07/25-14:45:10.284025 7fcc1224f700             Options.max_background_compactions: -1
2020/07/25-14:45:10.284026 7fcc1224f700             Options.avoid_flush_during_shutdown: 0
2020/07/25-14:45:10.284027 7fcc1224f700           Options.writable_file_max_buffer_size: 1048576
2020/07/25-14:45:10.284028 7fcc1224f700             Options.delayed_write_rate : 16777216
2020/07/25-14:45:10.284029 7fcc1224f700             Options.max_total_wal_size: 0
2020/07/25-14:45:10.284030 7fcc1224f700             Options.delete_obsolete_files_period_micros: 21600000000
2020/07/25-14:45:10.284031 7fcc1224f700                   Options.stats_dump_period_sec: 600
2020/07/25-14:45:10.284032 7fcc1224f700                 Options.stats_persist_period_sec: 600
2020/07/25-14:45:10.284033 7fcc1224f700                 Options.stats_history_buffer_size: 1048576
2020/07/25-14:45:10.284034 7fcc1224f700                          Options.max_open_files: 512
2020/07/25-14:45:10.284035 7fcc1224f700                          Options.bytes_per_sync: 1048576
2020/07/25-14:45:10.284036 7fcc1224f700                      Options.wal_bytes_per_sync: 0
2020/07/25-14:45:10.284037 7fcc1224f700                   Options.strict_bytes_per_sync: 0
2020/07/25-14:45:10.284038 7fcc1224f700       Options.compaction_readahead_size: 0
2020/07/25-14:45:10.284039 7fcc1224f700 Compression algorithms supported:
2020/07/25-14:45:10.284041 7fcc1224f700 	kZSTDNotFinalCompression supported: 0
2020/07/25-14:45:10.284043 7fcc1224f700 	kZSTD supported: 0
2020/07/25-14:45:10.284044 7fcc1224f700 	kXpressCompression supported: 0
2020/07/25-14:45:10.284046 7fcc1224f700 	kLZ4HCCompression supported: 0
2020/07/25-14:45:10.284047 7fcc1224f700 	kLZ4Compression supported: 0
2020/07/25-14:45:10.284048 7fcc1224f700 	kBZip2Compression supported: 0
2020/07/25-14:45:10.284049 7fcc1224f700 	kZlibCompression supported: 0
2020/07/25-14:45:10.284050 7fcc1224f700 	kSnappyCompression supported: 1
2020/07/25-14:45:10.284054 7fcc1224f700 Fast CRC32 supported: Supported on x86
2020/07/25-14:45:10.284188 7fcc1224f700 [version_set.cc:4377] Recovering from manifest file: db.ss11/chains/DevelopmentChain/db/1484bce8c021f2ca/overlayrecent/db/MANIFEST-000001
2020/07/25-14:45:10.284244 7fcc1224f700 [column_family.cc:550] --------------- Options for column family [default]:
2020/07/25-14:45:10.284246 7fcc1224f700               Options.comparator: leveldb.BytewiseComparator
2020/07/25-14:45:10.284247 7fcc1224f700           Options.merge_operator: None
2020/07/25-14:45:10.284248 7fcc1224f700        Options.compaction_filter: None
2020/07/25-14:45:10.284249 7fcc1224f700        Options.compaction_filter_factory: None
2020/07/25-14:45:10.284250 7fcc1224f700         Options.memtable_factory: SkipListFactory
2020/07/25-14:45:10.284251 7fcc1224f700            Options.table_factory: BlockBasedTable
2020/07/25-14:45:10.284275 7fcc1224f700            table_factory options:   flush_block_policy_factory: FlushBlockBySizePolicyFactory (0x5622219c2e00)
  cache_index_and_filter_blocks: 0
  cache_index_and_filter_blocks_with_high_priority: 1
  pin_l0_filter_and_index_blocks_in_cache: 0
  pin_top_level_index_and_filter: 1
  index_type: 0
  data_block_index_type: 0
  index_shortening: 1
  data_block_hash_table_util_ratio: 0.750000
  hash_index_allow_collision: 1
  checksum: 1
  no_block_cache: 0
  block_cache: 0x5622219cae40
  block_cache_name: LRUCache
  block_cache_options:
    capacity : 8388608
    num_shard_bits : 4
    strict_capacity_limit : 0
    memory_allocator : None
    high_pri_pool_ratio: 0.000
  block_cache_compressed: (nil)
  persistent_cache: (nil)
  block_size: 4096
  block_size_deviation: 10
  block_restart_interval: 16
  index_block_restart_interval: 1
  metadata_block_size: 4096
  partition_filters: 0
  use_delta_encoding: 1
  filter_policy: nullptr
  whole_key_filtering: 1
  verify_compression: 0
  read_amp_bytes_per_bit: 0
  format_version: 2
  enable_index_compression: 1
  block_align: 0
2020/07/25-14:45:10.284278 7fcc1224f700        Options.write_buffer_size: 67108864
2020/07/25-14:45:10.284279 7fcc1224f700  Options.max_write_buffer_number: 2
2020/07/25-14:45:10.284280 7fcc1224f700          Options.compression: Snappy
2020/07/25-14:45:10.284281 7fcc1224f700                  Options.bottommost_compression: Disabled
2020/07/25-14:45:10.284283 7fcc1224f700       Options.prefix_extractor: nullptr
2020/07/25-14:45:10.284284 7fcc1224f700   Options.memtable_insert_with_hint_prefix_extractor: nullptr
2020/07/25-14:45:10.284284 7fcc1224f700             Options.num_levels: 7
2020/07/25-14:45:10.284286 7fcc1224f700        Options.min_write_buffer_number_to_merge: 1
2020/07/25-14:45:10.284287 7fcc1224f700     Options.max_write_buffer_number_to_maintain: 0
2020/07/25-14:45:10.284288 7fcc1224f700     Options.max_write_buffer_size_to_maintain: 0
2020/07/25-14:45:10.284289 7fcc1224f700            Options.bottommost_compression_opts.window_bits: -14
2020/07/25-14:45:10.284290 7fcc1224f700                  Options.bottommost_compression_opts.level: 32767
2020/07/25-14:45:10.284291 7fcc1224f700               Options.bottommost_compression_opts.strategy: 0
2020/07/25-14:45:10.284292 7fcc1224f700         Options.bottommost_compression_opts.max_dict_bytes: 0
2020/07/25-14:45:10.284292 7fcc1224f700         Options.bottommost_compression_opts.zstd_max_train_bytes: 0
2020/07/25-14:45:10.284293 7fcc1224f700                  Options.bottommost_compression_opts.enabled: false
2020/07/25-14:45:10.284294 7fcc1224f700            Options.compression_opts.window_bits: -14
2020/07/25-14:45:10.284295 7fcc1224f700                  Options.compression_opts.level: 32767
2020/07/25-14:45:10.284296 7fcc1224f700               Options.compression_opts.strategy: 0
2020/07/25-14:45:10.284297 7fcc1224f700         Options.compression_opts.max_dict_bytes: 0
2020/07/25-14:45:10.284298 7fcc1224f700         Options.compression_opts.zstd_max_train_bytes: 0
2020/07/25-14:45:10.284299 7fcc1224f700                  Options.compression_opts.enabled: false
2020/07/25-14:45:10.284300 7fcc1224f700      Options.level0_file_num_compaction_trigger: 4
2020/07/25-14:45:10.284316 7fcc1224f700          Options.level0_slowdown_writes_trigger: 20
2020/07/25-14:45:10.284317 7fcc1224f700              Options.level0_stop_writes_trigger: 36
2020/07/25-14:45:10.284318 7fcc1224f700                   Options.target_file_size_base: 67108864
2020/07/25-14:45:10.284319 7fcc1224f700             Options.target_file_size_multiplier: 1
2020/07/25-14:45:10.284320 7fcc1224f700                Options.max_bytes_for_level_base: 268435456
2020/07/25-14:45:10.284321 7fcc1224f700 Options.level_compaction_dynamic_level_bytes: 0
2020/07/25-14:45:10.284321 7fcc1224f700          Options.max_bytes_for_level_multiplier: 10.000000
2020/07/25-14:45:10.284323 7fcc1224f700 Options.max_bytes_for_level_multiplier_addtl[0]: 1
2020/07/25-14:45:10.284324 7fcc1224f700 Options.max_bytes_for_level_multiplier_addtl[1]: 1
2020/07/25-14:45:10.284325 7fcc1224f700 Options.max_bytes_for_level_multiplier_addtl[2]: 1
2020/07/25-14:45:10.284326 7fcc1224f700 Options.max_bytes_for_level_multiplier_addtl[3]: 1
2020/07/25-14:45:10.284327 7fcc1224f700 Options.max_bytes_for_level_multiplier_addtl[4]: 1
2020/07/25-14:45:10.284328 7fcc1224f700 Options.max_bytes_for_level_multiplier_addtl[5]: 1
2020/07/25-14:45:10.284329 7fcc1224f700 Options.max_bytes_for_level_multiplier_addtl[6]: 1
2020/07/25-14:45:10.284330 7fcc1224f700       Options.max_sequential_skip_in_iterations: 8
2020/07/25-14:45:10.284331 7fcc1224f700                    Options.max_compaction_bytes: 1677721600
2020/07/25-14:45:10.284332 7fcc1224f700                        Options.arena_block_size: 8388608
2020/07/25-14:45:10.284333 7fcc1224f700   Options.soft_pending_compaction_bytes_limit: 68719476736
2020/07/25-14:45:10.284334 7fcc1224f700   Options.hard_pending_compaction_bytes_limit: 274877906944
2020/07/25-14:45:10.284335 7fcc1224f700       Options.rate_limit_delay_max_milliseconds: 100
2020/07/25-14:45:10.284336 7fcc1224f700                Options.disable_auto_compactions: 0
2020/07/25-14:45:10.284338 7fcc1224f700                        Options.compaction_style: kCompactionStyleLevel
2020/07/25-14:45:10.284339 7fcc1224f700                          Options.compaction_pri: kMinOverlappingRatio
2020/07/25-14:45:10.284340 7fcc1224f700 Options.compaction_options_universal.size_ratio: 1
2020/07/25-14:45:10.284341 7fcc1224f700 Options.compaction_options_universal.min_merge_width: 2
2020/07/25-14:45:10.284342 7fcc1224f700 Options.compaction_options_universal.max_merge_width: 4294967295
2020/07/25-14:45:10.284343 7fcc1224f700 Options.compaction_options_universal.max_size_amplification_percent: 200
2020/07/25-14:45:10.284344 7fcc1224f700 Options.compaction_options_universal.compression_size_percent: -1
2020/07/25-14:45:10.284346 7fcc1224f700 Options.compaction_options_universal.stop_style: kCompactionStopStyleTotalSize
2020/07/25-14:45:10.284347 7fcc1224f700 Options.compaction_options_fifo.max_table_files_size: 1073741824
2020/07/25-14:45:10.284348 7fcc1224f700 Options.compaction_options_fifo.allow_compaction: 0
2020/07/25-14:45:10.284349 7fcc1224f700                   Options.table_properties_collectors: 
2020/07/25-14:45:10.284350 7fcc1224f700                   Options.inplace_update_support: 0
2020/07/25-14:45:10.284351 7fcc1224f700                 Options.inplace_update_num_locks: 10000
2020/07/25-14:45:10.284352 7fcc1224f700               Options.memtable_prefix_bloom_size_ratio: 0.000000
2020/07/25-14:45:10.284353 7fcc1224f700               Options.memtable_whole_key_filtering: 0
2020/07/25-14:45:10.284354 7fcc1224f700   Options.memtable_huge_page_size: 0
2020/07/25-14:45:10.284355 7fcc1224f700                           Options.bloom_locality: 0
2020/07/25-14:45:10.284356 7fcc1224f700                    Options.max_successive_merges: 0
2020/07/25-14:45:10.284356 7fcc1224f700                Options.optimize_filters_for_hits: 0
2020/07/25-14:45:10.284357 7fcc1224f700                Options.paranoid_file_checks: 0
2020/07/25-14:45:10.284358 7fcc1224f700                Options.force_consistency_checks: 0
2020/07/25-14:45:10.284359 7fcc1224f700                Options.report_bg_io_stats: 1
2020/07/25-14:45:10.284366 7fcc1224f700                               Options.ttl: 2592000
2020/07/25-14:45:10.284367 7fcc1224f700          Options.periodic_compaction_seconds: 0
2020/07/25-14:45:10.285038 7fcc1224f700 [version_set.cc:4527] Recovered from manifest file:db.ss11/chains/DevelopmentChain/db/1484bce8c021f2ca/overlayrecent/db/MANIFEST-000001 succeeded,manifest_file_number is 1, next_file_number is 3, last_sequence is 0, log_number is 0,prev_log_number is 0,max_column_family is 0,min_log_number_to_keep is 0
2020/07/25-14:45:10.285045 7fcc1224f700 [version_set.cc:4536] Column family [default] (ID 0), log number is 0
2020/07/25-14:45:10.285184 7fcc1224f700 EVENT_LOG_v1 {"time_micros": 1595688310285159, "job": 1, "event": "recovery_started", "log_files": [3]}
2020/07/25-14:45:10.285189 7fcc1224f700 [db_impl/db_impl_open.cc:735] Recovering log #3 mode 2
2020/07/25-14:45:10.285251 7fcc1224f700 [version_set.cc:3788] Creating manifest 5
2020/07/25-14:45:10.291735 7fcc1224f700 EVENT_LOG_v1 {"time_micros": 1595688310291728, "job": 1, "event": "recovery_finished"}
2020/07/25-14:45:10.291982 7fcc1224f700 [db_impl/db_impl_files.cc:533] [JOB 2] Delete info log file db.ss11/chains/DevelopmentChain/db/1484bce8c021f2ca/overlayrecent/db//LOG.old.1595688310283732
2020/07/25-14:45:10.296490 7fcc1224f700 DB pointer 0x5622219ed440
2020/07/25-14:45:10.296768 7fcbe6ffd700 [db_impl/db_impl.cc:858] ------- DUMPING STATS -------
2020/07/25-14:45:10.296794 7fcbe6ffd700 [db_impl/db_impl.cc:859] 
** DB Stats **
Uptime(secs): 0.0 total, 0.0 interval
Cumulative writes: 0 writes, 0 keys, 0 commit groups, 0.0 writes per commit group, ingest: 0.00 GB, 0.00 MB/s
Cumulative WAL: 0 writes, 0 syncs, 0.00 writes per sync, written: 0.00 GB, 0.00 MB/s
Cumulative stall: 00:00:0.000 H:M:S, 0.0 percent
Interval writes: 0 writes, 0 keys, 0 commit groups, 0.0 writes per commit group, ingest: 0.00 MB, 0.00 MB/s
Interval WAL: 0 writes, 0 syncs, 0.00 writes per sync, written: 0.00 MB, 0.00 MB/s
Interval stall: 00:00:0.000 H:M:S, 0.0 percent

** Compaction Stats [default] **
Level    Files   Size     Score Read(GB)  Rn(GB) Rnp1(GB) Write(GB) Wnew(GB) Moved(GB) W-Amp Rd(MB/s) Wr(MB/s) Comp(sec) CompMergeCPU(sec) Comp(cnt) Avg(sec) KeyIn KeyDrop
----------------------------------------------------------------------------------------------------------------------------------------------------------------------------
 Sum      0/0    0.00 KB   0.0      0.0     0.0      0.0       0.0      0.0       0.0   0.0      0.0      0.0      0.00              0.00         0    0.000       0      0
 Int      0/0    0.00 KB   0.0      0.0     0.0      0.0       0.0      0.0       0.0   0.0      0.0      0.0      0.00              0.00         0    0.000       0      0

** Compaction Stats [default] **
Priority    Files   Size     Score Read(GB)  Rn(GB) Rnp1(GB) Write(GB) Wnew(GB) Moved(GB) W-Amp Rd(MB/s) Wr(MB/s) Comp(sec) CompMergeCPU(sec) Comp(cnt) Avg(sec) KeyIn KeyDrop
-------------------------------------------------------------------------------------------------------------------------------------------------------------------------------
Uptime(secs): 0.0 total, 0.0 interval
Flush(GB): cumulative 0.000, interval 0.000
AddFile(GB): cumulative 0.000, interval 0.000
AddFile(Total Files): cumulative 0, interval 0
AddFile(L0 Files): cumulative 0, interval 0
AddFile(Keys): cumulative 0, interval 0
Cumulative compaction: 0.00 GB write, 0.00 MB/s write, 0.00 GB read, 0.00 MB/s read, 0.0 seconds
Interval compaction: 0.00 GB write, 0.00 MB/s write, 0.00 GB read, 0.00 MB/s read, 0.0 seconds
Stalls(count): 0 level0_slowdown, 0 level0_slowdown_with_compaction, 0 level0_numfiles, 0 level0_numfiles_with_compaction, 0 stop for pending_compaction_bytes, 0 slowdown for pending_compaction_bytes, 0 memtable_compaction, 0 memtable_slowdown, interval 0 total count

** File Read Latency Histogram By Level [default] **

** Compaction Stats [default] **
Level    Files   Size     Score Read(GB)  Rn(GB) Rnp1(GB) Write(GB) Wnew(GB) Moved(GB) W-Amp Rd(MB/s) Wr(MB/s) Comp(sec) CompMergeCPU(sec) Comp(cnt) Avg(sec) KeyIn KeyDrop
----------------------------------------------------------------------------------------------------------------------------------------------------------------------------
 Sum      0/0    0.00 KB   0.0      0.0     0.0      0.0       0.0      0.0       0.0   0.0      0.0      0.0      0.00              0.00         0    0.000       0      0
 Int      0/0    0.00 KB   0.0      0.0     0.0      0.0       0.0      0.0       0.0   0.0      0.0      0.0      0.00              0.00         0    0.000       0      0

** Compaction Stats [default] **
Priority    Files   Size     Score Read(GB)  Rn(GB) Rnp1(GB) Write(GB) Wnew(GB) Moved(GB) W-Amp Rd(MB/s) Wr(MB/s) Comp(sec) CompMergeCPU(sec) Comp(cnt) Avg(sec) KeyIn KeyDrop
-------------------------------------------------------------------------------------------------------------------------------------------------------------------------------
Uptime(secs): 0.0 total, 0.0 interval
Flush(GB): cumulative 0.000, interval 0.000
AddFile(GB): cumulative 0.000, interval 0.000
AddFile(Total Files): cumulative 0, interval 0
AddFile(L0 Files): cumulative 0, interval 0
AddFile(Keys): cumulative 0, interval 0
Cumulative compaction: 0.00 GB write, 0.00 MB/s write, 0.00 GB read, 0.00 MB/s read, 0.0 seconds
Interval compaction: 0.00 GB write, 0.00 MB/s write, 0.00 GB read, 0.00 MB/s read, 0.0 seconds
Stalls(count): 0 level0_slowdown, 0 level0_slowdown_with_compaction, 0 level0_numfiles, 0 level0_numfiles_with_compaction, 0 stop for pending_compaction_bytes, 0 slowdown for pending_compaction_bytes, 0 memtable_compaction, 0 memtable_slowdown, interval 0 total count

** File Read Latency Histogram By Level [default] **
2020/07/25-14:45:10.298938 7fcc1224f700 [column_family.cc:550] --------------- Options for column family [col0]:
2020/07/25-14:45:10.298945 7fcc1224f700               Options.comparator: leveldb.BytewiseComparator
2020/07/25-14:45:10.298946 7fcc1224f700           Options.merge_operator: None
2020/07/25-14:45:10.298947 7fcc1224f700        Options.compaction_filter: None
2020/07/25-14:45:10.298948 7fcc1224f700        Options.compaction_filter_factory: None
2020/07/25-14:45:10.298950 7fcc1224f700         Options.memtable_factory: SkipListFactory
2020/07/25-14:45:10.298951 7fcc1224f700            Options.table_factory: BlockBasedTable
2020/07/25-14:45:10.298994 7fcc1224f700            table_factory options:   flush_block_policy_factory: FlushBlockBySizePolicyFactory (0x5622219e4600)
  cache_index_and_filter_blocks: 1
  cache_index_and_filter_blocks_with_high_priority: 1
  pin_l0_filter_and_index_blocks_in_cache: 1
  pin_top_level_index_and_filter: 1
  index_type: 0
  data_block_index_type: 0
  index_shortening: 1
  data_block_hash_table_util_ratio: 0.750000
  hash_index_allow_collision: 1
  checksum: 1
  no_block_cache: 0
  block_cache: 0x5622219cccc0
  block_cache_name: LRUCache
  block_cache_options:
    capacity : 134217728
    num_shard_bits : 6
    strict_capacity_limit : 0
    memory_allocator : None
    high_pri_pool_ratio: 0.500
  block_cache_compressed: (nil)
  persistent_cache: (nil)
  block_size: 16384
  block_size_deviation: 10
  block_restart_interval: 16
  index_block_restart_interval: 1
  metadata_block_size: 4096
  partition_filters: 0
  use_delta_encoding: 1
  filter_policy: rocksdb.BuiltinBloomFilter
  whole_key_filtering: 1
  verify_compression: 0
  read_amp_bytes_per_bit: 0
  format_version: 2
  enable_index_compression: 1
  block_align: 0
2020/07/25-14:45:10.299009 7fcc1224f700        Options.write_buffer_size: 67108864
2020/07/25-14:45:10.299010 7fcc1224f700  Options.max_write_buffer_number: 6
2020/07/25-14:45:10.299012 7fcc1224f700          Options.compression: Snappy
2020/07/25-14:45:10.299013 7fcc1224f700                  Options.bottommost_compression: Disabled
2020/07/25-14:45:10.299014 7fcc1224f700       Options.prefix_extractor: nullptr
2020/07/25-14:45:10.299015 7fcc1224f700   Options.memtable_insert_with_hint_prefix_extractor: nullptr
2020/07/25-14:45:10.299016 7fcc1224f700             Options.num_levels: 7
2020/07/25-14:45:10.299017 7fcc1224f700        Options.min_write_buffer_number_to_merge: 2
2020/07/25-14:45:10.299018 7fcc1224f700     Options.max_write_buffer_number_to_maintain: 0
2020/07/25-14:45:10.299019 7fcc1224f700     Options.max_write_buffer_size_to_maintain: 0
2020/07/25-14:45:10.299020 7fcc1224f700            Options.bottommost_compression_opts.window_bits: -14
2020/07/25-14:45:10.299021 7fcc1224f700                  Options.bottommost_compression_opts.level: 32767
2020/07/25-14:45:10.299023 7fcc1224f700               Options.bottommost_compression_opts.strategy: 0
2020/07/25-14:45:10.299024 7fcc1224f700         Options.bottommost_compression_opts.max_dict_bytes: 0
2020/07/25-14:45:10.299025 7fcc1224f700         Options.bottommost_compression_opts.zstd_max_train_bytes: 0
2020/07/25-14:45:10.299026 7fcc1224f700                  Options.bottommost_compression_opts.enabled: false
2020/07/25-14:45:10.299027 7fcc1224f700            Options.compression_opts.window_bits: -14
2020/07/25-14:45:10.299028 7fcc1224f700                  Options.compression_opts.level: 32767
2020/07/25-14:45:10.299029 7fcc1224f700               Options.compression_opts.strategy: 0
2020/07/25-14:45:10.299030 7fcc1224f700         Options.compression_opts.max_dict_bytes: 0
2020/07/25-14:45:10.299031 7fcc1224f700         Options.compression_opts.zstd_max_train_bytes: 0
2020/07/25-14:45:10.299032 7fcc1224f700                  Options.compression_opts.enabled: false
2020/07/25-14:45:10.299033 7fcc1224f700      Options.level0_file_num_compaction_trigger: 2
2020/07/25-14:45:10.299033 7fcc1224f700          Options.level0_slowdown_writes_trigger: 20
2020/07/25-14:45:10.299034 7fcc1224f700              Options.level0_stop_writes_trigger: 36
2020/07/25-14:45:10.299046 7fcc1224f700                   Options.target_file_size_base: 67108864
2020/07/25-14:45:10.299047 7fcc1224f700             Options.target_file_size_multiplier: 1
2020/07/25-14:45:10.299048 7fcc1224f700                Options.max_bytes_for_level_base: 268435456
2020/07/25-14:45:10.299049 7fcc1224f700 Options.level_compaction_dynamic_level_bytes: 1
2020/07/25-14:45:10.299050 7fcc1224f700          Options.max_bytes_for_level_multiplier: 10.000000
2020/07/25-14:45:10.299052 7fcc1224f700 Options.max_bytes_for_level_multiplier_addtl[0]: 1
2020/07/25-14:45:10.299053 7fcc1224f700 Options.max_bytes_for_level_multiplier_addtl[1]: 1
2020/07/25-14:45:10.299054 7fcc1224f700 Options.max_bytes_for_level_multiplier_addtl[2]: 1
2020/07/25-14:45:10.299055 7fcc1224f700 Options.max_bytes_for_level_multiplier_addtl[3]: 1
2020/07/25-14:45:10.299056 7fcc1224f700 Options.max_bytes_for_level_multiplier_addtl[4]: 1
2020/07/25-14:45:10.299057 7fcc1224f700 Options.max_bytes_for_level_multiplier_addtl[5]: 1
2020/07/25-14:45:10.299058 7fcc1224f700 Options.max_bytes_for_level_multiplier_addtl[6]: 1
2020/07/25-14:45:10.299059 7fcc1224f700       Options.max_sequential_skip_in_iterations: 8
2020/07/25-14:45:10.299060 7fcc1224f700                    Options.max_compaction_bytes: 1677721600
2020/07/25-14:45:10.299061 7fcc1224f700                        Options.arena_block_size: 8388608
2020/07/25-14:45:10.299062 7fcc1224f700   Options.soft_pending_compaction_bytes_limit: 68719476736
2020/07/25-14:45:10.299063 7fcc1224f700   Options.hard_pending_compaction_bytes_limit: 274877906944
2020/07/25-14:45:10.299064 7fcc1224f700       Options.rate_limit_delay_max_milliseconds: 100
2020/07/25-14:45:10.299065 7fcc1224f700                Options.disable_auto_compactions: 0
2020/07/25-14:45:10.299067 7fcc1224f700                        Options.compaction_style: kCompactionStyleLevel
2020/07/25-14:45:10.299069 7fcc1224f700                          Options.compaction_pri: kMinOverlappingRatio
2020/07/25-14:45:10.299070 7fcc1224f700 Options.compaction_options_universal.size_ratio: 1
2020/07/25-14:45:10.299071 7fcc1224f700 Options.compaction_options_universal.min_merge_width: 2
2020/07/25-14:45:10.299072 7fcc1224f700 Options.compaction_options_universal.max_merge_width: 4294967295
2020/07/25-14:45:10.299073 7fcc1224f700 Options.compaction_options_universal.max_size_amplification_percent: 200
2020/07/25-14:45:10.299074 7fcc1224f700 Options.compaction_options_universal.compression_size_percent: -1
2020/07/25-14:45:10.299075 7fcc1224f700 Options.compaction_options_universal.stop_style: kCompactionStopStyleTotalSize
2020/07/25-14:45:10.299076 7fcc1224f700 Options.compaction_options_fifo.max_table_files_size: 1073741824
2020/07/25-14:45:10.299077 7fcc1224f700 Options.compaction_options_fifo.allow_compaction: 0
2020/07/25-14:45:10.299078 7fcc1224f700                   Options.table_properties_collectors: 
2020/07/25-14:45:10.299079 7fcc1224f700                   Options.inplace_update_support: 0
2020/07/25-14:45:10.299080 7fcc1224f700                 Options.inplace_update_num_locks: 10000
2020/07/25-14:45:10.299081 7fcc1224f700               Options.memtable_prefix_bloom_size_ratio: 0.000000
2020/07/25-14:45:10.299083 7fcc1224f700               Options.memtable_whole_key_filtering: 0
2020/07/25-14:45:10.299084 7fcc1224f700   Options.memtable_huge_page_size: 0
2020/07/25-14:45:10.299084 7fcc1224f700                           Options.bloom_locality: 0
2020/07/25-14:45:10.299085 7fcc1224f700                    Options.max_successive_merges: 0
2020/07/25-14:45:10.299087 7fcc1224f700                Options.optimize_filters_for_hits: 0
2020/07/25-14:45:10.299087 7fcc1224f700                Options.paranoid_file_checks: 0
2020/07/25-14:45:10.299088 7fcc1224f700                Options.force_consistency_checks: 0
2020/07/25-14:45:10.299089 7fcc1224f700                Options.report_bg_io_stats: 0
2020/07/25-14:45:10.299090 7fcc1224f700                               Options.ttl: 2592000
2020/07/25-14:45:10.299091 7fcc1224f700          Options.periodic_compaction_seconds: 0
2020/07/25-14:45:10.299131 7fcc1224f700 [db_impl/db_impl.cc:2307] Created column family [col0] (ID 1)
2020/07/25-14:45:10.304442 7fcc1224f700 [column_family.cc:550] --------------- Options for column family [col1]:
2020/07/25-14:45:10.304451 7fcc1224f700               Options.comparator: leveldb.BytewiseComparator
2020/07/25-14:45:10.304453 7fcc1224f700           Options.merge_operator: None
2020/07/25-14:45:10.304454 7fcc1224f700        Options.compaction_filter: None
2020/07/25-14:45:10.304455 7fcc1224f700        Options.compaction_filter_factory: None
2020/07/25-14:45:10.304456 7fcc1224f700         Options.memtable_factory: SkipListFactory
2020/07/25-14:45:10.304458 7fcc1224f700            Options.table_factory: BlockBasedTable
2020/07/25-14:45:10.304487 7fcc1224f700            table_factory options:   flush_block_policy_factory: FlushBlockBySizePolicyFactory (0x562221a32480)
  cache_index_and_filter_blocks: 1
  cache_index_and_filter_blocks_with_high_priority: 1
  pin_l0_filter_and_index_blocks_in_cache: 1
  pin_top_level_index_and_filter: 1
  index_type: 0
  data_block_index_type: 0
  index_shortening: 1
  data_block_hash_table_util_ratio: 0.750000
  hash_index_allow_collision: 1
  checksum: 1
  no_block_cache: 0
  block_cache: 0x5622219cccc0
  block_cache_name: LRUCache
  block_cache_options:
    capacity : 134217728
    num_shard_bits : 6
    strict_capacity_limit : 0
    memory_allocator : None
    high_pri_pool_ratio: 0.500
  block_cache_compressed: (nil)
  persistent_cache: (nil)
  block_size: 16384
  block_size_deviation: 10
  block_restart_interval: 16
  index_block_restart_interval: 1
  metadata_block_size: 4096
  partition_filters: 0
  use_delta_encoding: 1
  filter_policy: rocksdb.BuiltinBloomFilter
  whole_key_filtering: 1
  verify_compression: 0
  read_amp_bytes_per_bit: 0
  format_version: 2
  enable_index_compression: 1
  block_align: 0
2020/07/25-14:45:10.304490 7fcc1224f700        Options.write_buffer_size: 4194304
2020/07/25-14:45:10.304491 7fcc1224f700  Options.max_write_buffer_number: 6
2020/07/25-14:45:10.304493 7fcc1224f700          Options.compression: Snappy
2020/07/25-14:45:10.304494 7fcc1224f700                  Options.bottommost_compression: Disabled
2020/07/25-14:45:10.304495 7fcc1224f700       Options.prefix_extractor: nullptr
2020/07/25-14:45:10.304496 7fcc1224f700   Options.memtable_insert_with_hint_prefix_extractor: nullptr
2020/07/25-14:45:10.304497 7fcc1224f700             Options.num_levels: 7
2020/07/25-14:45:10.304498 7fcc1224f700        Options.min_write_buffer_number_to_merge: 2
2020/07/25-14:45:10.304500 7fcc1224f700     Options.max_write_buffer_number_to_maintain: 0
2020/07/25-14:45:10.304500 7fcc1224f700     Options.max_write_buffer_size_to_maintain: 0
2020/07/25-14:45:10.304502 7fcc1224f700            Options.bottommost_compression_opts.window_bits: -14
2020/07/25-14:45:10.304503 7fcc1224f700                  Options.bottommost_compression_opts.level: 32767
2020/07/25-14:45:10.304504 7fcc1224f700               Options.bottommost_compression_opts.strategy: 0
2020/07/25-14:45:10.304505 7fcc1224f700         Options.bottommost_compression_opts.max_dict_bytes: 0
2020/07/25-14:45:10.304507 7fcc1224f700         Options.bottommost_compression_opts.zstd_max_train_bytes: 0
2020/07/25-14:45:10.304508 7fcc1224f700                  Options.bottommost_compression_opts.enabled: false
2020/07/25-14:45:10.304509 7fcc1224f700            Options.compression_opts.window_bits: -14
2020/07/25-14:45:10.304510 7fcc1224f700                  Options.compression_opts.level: 32767
2020/07/25-14:45:10.304511 7fcc1224f700               Options.compression_opts.strategy: 0
2020/07/25-14:45:10.304511 7fcc1224f700         Options.compression_opts.max_dict_bytes: 0
2020/07/25-14:45:10.304512 7fcc1224f700         Options.compression_opts.zstd_max_train_bytes: 0
2020/07/25-14:45:10.304513 7fcc1224f700                  Options.compression_opts.enabled: false
2020/07/25-14:45:10.304514 7fcc1224f700      Options.level0_file_num_compaction_trigger: 2
2020/07/25-14:45:10.304515 7fcc1224f700          Options.level0_slowdown_writes_trigger: 20
2020/07/25-14:45:10.304516 7fcc1224f700              Options.level0_stop_writes_trigger: 36
2020/07/25-14:45:10.304530 7fcc1224f700                   Options.target_file_size_base: 67108864
2020/07/25-14:45:10.304531 7fcc1224f700             Options.target_file_size_multiplier: 1
2020/07/25-14:45:10.304532 7fcc1224f700                Options.max_bytes_for_level_base: 16777216
2020/07/25-14:45:10.304533 7fcc1224f700 Options.level_compaction_dynamic_level_bytes: 1
2020/07/25-14:45:10.304534 7fcc1224f700          Options.max_bytes_for_level_multiplier: 10.000000
2020/07/25-14:45:10.304536 7fcc1224f700 Options.max_bytes_for_level_multiplier_addtl[0]: 1
2020/07/25-14:45:10.304537 7fcc1224f700 Options.max_bytes_for_level_multiplier_addtl[1]: 1
2020/07/25-14:45:10.304538 7fcc1224f700 Options.max_bytes_for_level_multiplier_addtl[2]: 1
2020/07/25-14:45:10.304539 7fcc1224f700 Options.max_bytes_for_level_multiplier_addtl[3]: 1
2020/07/25-14:45:10.304540 7fcc1224f700 Options.max_bytes_for_level_multiplier_addtl[4]: 1
2020/07/25-14:45:10.304541 7fcc1224f700 Options.max_bytes_for_level_multiplier_addtl[5]: 1
2020/07/25-14:45:10.304542 7fcc1224f700 Options.max_bytes_for_level_multiplier_addtl[6]: 1
2020/07/25-14:45:10.304543 7fcc1224f700       Options.max_sequential_skip_in_iterations: 8
2020/07/25-14:45:10.304544 7fcc1224f700                    Options.max_compaction_bytes: 1677721600
2020/07/25-14:45:10.304545 7fcc1224f700                        Options.arena_block_size: 524288
2020/07/25-14:45:10.304546 7fcc1224f700   Options.soft_pending_compaction_bytes_limit: 68719476736
2020/07/25-14:45:10.304547 7fcc1224f700   Options.hard_pending_compaction_bytes_limit: 274877906944
2020/07/25-14:45:10.304548 7fcc1224f700       Options.rate_limit_delay_max_milliseconds: 100
2020/07/25-14:45:10.304549 7fcc1224f700                Options.disable_auto_compactions: 0
2020/07/25-14:45:10.304551 7fcc1224f700                        Options.compaction_style: kCompactionStyleLevel
2020/07/25-14:45:10.304553 7fcc1224f700                          Options.compaction_pri: kMinOverlappingRatio
2020/07/25-14:45:10.304554 7fcc1224f700 Options.compaction_options_universal.size_ratio: 1
2020/07/25-14:45:10.304555 7fcc1224f700 Options.compaction_options_universal.min_merge_width: 2
2020/07/25-14:45:10.304555 7fcc1224f700 Options.compaction_options_universal.max_merge_width: 4294967295
2020/07/25-14:45:10.304556 7fcc1224f700 Options.compaction_options_universal.max_size_amplification_percent: 200
2020/07/25-14:45:10.304557 7fcc1224f700 Options.compaction_options_universal.compression_size_percent: -1
2020/07/25-14:45:10.304559 7fcc1224f700 Options.compaction_options_universal.stop_style: kCompactionStopStyleTotalSize
2020/07/25-14:45:10.304560 7fcc1224f700 Options.compaction_options_fifo.max_table_files_size: 1073741824
2020/07/25-14:45:10.304561 7fcc1224f700 Options.compaction_options_fifo.allow_compaction: 0
2020/07/25-14:45:10.304562 7fcc1224f700                   Options.table_properties_collectors: 
2020/07/25-14:45:10.304563 7fcc1224f700                   Options.inplace_update_support: 0
2020/07/25-14:45:10.304564 7fcc1224f700                 Options.inplace_update_num_locks: 10000
2020/07/25-14:45:10.304565 7fcc1224f700               Options.memtable_prefix_bloom_size_ratio: 0.000000
2020/07/25-14:45:10.304567 7fcc1224f700               Options.memtable_whole_key_filtering: 0
2020/07/25-14:45:10.304568 7fcc1224f700   Options.memtable_huge_page_size: 0
2020/07/25-14:45:10.304569 7fcc1224f700                           Options.bloom_locality: 0
2020/07/25-14:45:10.304570 7fcc1224f700                    Options.max_successive_merges: 0
2020/07/25-14:45:10.304571 7fcc1224f700                Options.optimize_filters_for_hits: 0
2020/07/25-14:45:10.304572 7fcc1224f700                Options.paranoid_file_checks: 0
2020/07/25-14:45:10.304573 7fcc1224f700                Options.force_consistency_checks: 0
2020/07/25-14:45:10.304573 7fcc1224f700                Options.report_bg_io_stats: 0
2020/07/25-14:45:10.304575 7fcc1224f700                               Options.ttl: 2592000
2020/07/25-14:45:10.304576 7fcc1224f700          Options.periodic_compaction_seconds: 0
2020/07/25-14:45:10.304615 7fcc1224f700 [db_impl/db_impl.cc:2307] Created column family [col1] (ID 2)
2020/07/25-14:45:10.310502 7fcc1224f700 [column_family.cc:550] --------------- Options for column family [col2]:
2020/07/25-14:45:10.310511 7fcc1224f700               Options.comparator: leveldb.BytewiseComparator
2020/07/25-14:45:10.310513 7fcc1224f700           Options.merge_operator: None
2020/07/25-14:45:10.310515 7fcc1224f700        Options.compaction_filter: None
2020/07/25-14:45:10.310516 7fcc1224f700        Options.compaction_filter_factory: None
2020/07/25-14:45:10.310517 7fcc1224f700         Options.memtable_factory: SkipListFactory
2020/07/25-14:45:10.310518 7fcc1224f700            Options.table_factory: BlockBasedTable
2020/07/25-14:45:10.310554 7fcc1224f700            table_factory options:   flush_block_policy_factory: FlushBlockBySizePolicyFactory (0x562221a3ba50)
  cache_index_and_filter_blocks: 1
  cache_index_and_filter_blocks_with_high_priority: 1
  pin_l0_filter_and_index_blocks_in_cache: 1
  pin_top_level_index_and_filter: 1
  index_type: 0
  data_block_index_type: 0
  index_shortening: 1
