2020/07/25-14:44:10.320301 7f47e82bf700 RocksDB version: 6.6.4
2020/07/25-14:44:10.320318 7f47e82bf700 Git sha rocksdb_build_git_sha:@551a110918493a19d11243f53408b97485de1411@
2020/07/25-14:44:10.320320 7f47e82bf700 Compile date May 14 2020
2020/07/25-14:44:10.320322 7f47e82bf700 DB SUMMARY
2020/07/25-14:44:10.320342 7f47e82bf700 CURRENT file:  CURRENT
2020/07/25-14:44:10.320344 7f47e82bf700 IDENTITY file:  IDENTITY
2020/07/25-14:44:10.320347 7f47e82bf700 MANIFEST file:  MANIFEST-000001 size: 13 Bytes
2020/07/25-14:44:10.320349 7f47e82bf700 SST files in db.ss2/chains/DevelopmentChain/db/1484bce8c021f2ca/overlayrecent/db dir, Total Num: 0, files: 
2020/07/25-14:44:10.320350 7f47e82bf700 Write Ahead Log file in db.ss2/chains/DevelopmentChain/db/1484bce8c021f2ca/overlayrecent/db: 000003.log size: 0 ; 
2020/07/25-14:44:10.320352 7f47e82bf700                         Options.error_if_exists: 0
2020/07/25-14:44:10.320353 7f47e82bf700                       Options.create_if_missing: 1
2020/07/25-14:44:10.320354 7f47e82bf700                         Options.paranoid_checks: 1
2020/07/25-14:44:10.320355 7f47e82bf700                                     Options.env: 0x558f1ed9bb40
2020/07/25-14:44:10.320356 7f47e82bf700                                Options.info_log: 0x558f20ec30f0
2020/07/25-14:44:10.320357 7f47e82bf700                Options.max_file_opening_threads: 16
2020/07/25-14:44:10.320358 7f47e82bf700                              Options.statistics: (nil)
2020/07/25-14:44:10.320360 7f47e82bf700                               Options.use_fsync: 0
2020/07/25-14:44:10.320360 7f47e82bf700                       Options.max_log_file_size: 0
2020/07/25-14:44:10.320362 7f47e82bf700                  Options.max_manifest_file_size: 1073741824
2020/07/25-14:44:10.320363 7f47e82bf700                   Options.log_file_time_to_roll: 0
2020/07/25-14:44:10.320364 7f47e82bf700                       Options.keep_log_file_num: 1
2020/07/25-14:44:10.320364 7f47e82bf700                    Options.recycle_log_file_num: 0
2020/07/25-14:44:10.320365 7f47e82bf700                         Options.allow_fallocate: 1
2020/07/25-14:44:10.320366 7f47e82bf700                        Options.allow_mmap_reads: 0
2020/07/25-14:44:10.320367 7f47e82bf700                       Options.allow_mmap_writes: 0
2020/07/25-14:44:10.320368 7f47e82bf700                        Options.use_direct_reads: 0
2020/07/25-14:44:10.320369 7f47e82bf700                        Options.use_direct_io_for_flush_and_compaction: 0
2020/07/25-14:44:10.320370 7f47e82bf700          Options.create_missing_column_families: 0
2020/07/25-14:44:10.320371 7f47e82bf700                              Options.db_log_dir: 
2020/07/25-14:44:10.320372 7f47e82bf700                                 Options.wal_dir: db.ss2/chains/DevelopmentChain/db/1484bce8c021f2ca/overlayrecent/db
2020/07/25-14:44:10.320373 7f47e82bf700                Options.table_cache_numshardbits: 6
2020/07/25-14:44:10.320425 7f47e82bf700                      Options.max_subcompactions: 1
2020/07/25-14:44:10.320426 7f47e82bf700                  Options.max_background_flushes: -1
2020/07/25-14:44:10.320427 7f47e82bf700                         Options.WAL_ttl_seconds: 0
2020/07/25-14:44:10.320428 7f47e82bf700                       Options.WAL_size_limit_MB: 0
2020/07/25-14:44:10.320429 7f47e82bf700                        Options.max_write_batch_group_size_bytes: 1048576
2020/07/25-14:44:10.320430 7f47e82bf700             Options.manifest_preallocation_size: 4194304
2020/07/25-14:44:10.320431 7f47e82bf700                     Options.is_fd_close_on_exec: 1
2020/07/25-14:44:10.320432 7f47e82bf700                   Options.advise_random_on_open: 1
2020/07/25-14:44:10.320433 7f47e82bf700                    Options.db_write_buffer_size: 0
2020/07/25-14:44:10.320434 7f47e82bf700                    Options.write_buffer_manager: 0x558f20ec6ef0
2020/07/25-14:44:10.320435 7f47e82bf700         Options.access_hint_on_compaction_start: 1
2020/07/25-14:44:10.320436 7f47e82bf700  Options.new_table_reader_for_compaction_inputs: 0
2020/07/25-14:44:10.320437 7f47e82bf700           Options.random_access_max_buffer_size: 1048576
2020/07/25-14:44:10.320447 7f47e82bf700                      Options.use_adaptive_mutex: 0
2020/07/25-14:44:10.320448 7f47e82bf700                            Options.rate_limiter: (nil)
2020/07/25-14:44:10.320450 7f47e82bf700     Options.sst_file_manager.rate_bytes_per_sec: 0
2020/07/25-14:44:10.320451 7f47e82bf700                       Options.wal_recovery_mode: 2
2020/07/25-14:44:10.320452 7f47e82bf700                  Options.enable_thread_tracking: 0
2020/07/25-14:44:10.320453 7f47e82bf700                  Options.enable_pipelined_write: 0
2020/07/25-14:44:10.320454 7f47e82bf700                  Options.unordered_write: 0
2020/07/25-14:44:10.320455 7f47e82bf700         Options.allow_concurrent_memtable_write: 1
2020/07/25-14:44:10.320456 7f47e82bf700      Options.enable_write_thread_adaptive_yield: 1
2020/07/25-14:44:10.320457 7f47e82bf700             Options.write_thread_max_yield_usec: 100
2020/07/25-14:44:10.320458 7f47e82bf700            Options.write_thread_slow_yield_usec: 3
2020/07/25-14:44:10.320459 7f47e82bf700                               Options.row_cache: None
2020/07/25-14:44:10.320460 7f47e82bf700                              Options.wal_filter: None
2020/07/25-14:44:10.320461 7f47e82bf700             Options.avoid_flush_during_recovery: 0
2020/07/25-14:44:10.320462 7f47e82bf700             Options.allow_ingest_behind: 0
2020/07/25-14:44:10.320463 7f47e82bf700             Options.preserve_deletes: 0
2020/07/25-14:44:10.320464 7f47e82bf700             Options.two_write_queues: 0
2020/07/25-14:44:10.320465 7f47e82bf700             Options.manual_wal_flush: 0
2020/07/25-14:44:10.320466 7f47e82bf700             Options.atomic_flush: 0
2020/07/25-14:44:10.320467 7f47e82bf700             Options.avoid_unnecessary_blocking_io: 0
2020/07/25-14:44:10.320467 7f47e82bf700                 Options.persist_stats_to_disk: 0
2020/07/25-14:44:10.320468 7f47e82bf700                 Options.write_dbid_to_manifest: 0
2020/07/25-14:44:10.320469 7f47e82bf700                 Options.log_readahead_size: 0
2020/07/25-14:44:10.320470 7f47e82bf700             Options.max_background_jobs: 1
2020/07/25-14:44:10.320471 7f47e82bf700             Options.max_background_compactions: -1
2020/07/25-14:44:10.320472 7f47e82bf700             Options.avoid_flush_during_shutdown: 0
2020/07/25-14:44:10.320473 7f47e82bf700           Options.writable_file_max_buffer_size: 1048576
2020/07/25-14:44:10.320474 7f47e82bf700             Options.delayed_write_rate : 16777216
2020/07/25-14:44:10.320475 7f47e82bf700             Options.max_total_wal_size: 0
2020/07/25-14:44:10.320476 7f47e82bf700             Options.delete_obsolete_files_period_micros: 21600000000
2020/07/25-14:44:10.320477 7f47e82bf700                   Options.stats_dump_period_sec: 600
2020/07/25-14:44:10.320478 7f47e82bf700                 Options.stats_persist_period_sec: 600
2020/07/25-14:44:10.320479 7f47e82bf700                 Options.stats_history_buffer_size: 1048576
2020/07/25-14:44:10.320480 7f47e82bf700                          Options.max_open_files: 512
2020/07/25-14:44:10.320481 7f47e82bf700                          Options.bytes_per_sync: 1048576
2020/07/25-14:44:10.320482 7f47e82bf700                      Options.wal_bytes_per_sync: 0
2020/07/25-14:44:10.320483 7f47e82bf700                   Options.strict_bytes_per_sync: 0
2020/07/25-14:44:10.320484 7f47e82bf700       Options.compaction_readahead_size: 0
2020/07/25-14:44:10.320485 7f47e82bf700 Compression algorithms supported:
2020/07/25-14:44:10.320487 7f47e82bf700 	kZSTDNotFinalCompression supported: 0
2020/07/25-14:44:10.320488 7f47e82bf700 	kZSTD supported: 0
2020/07/25-14:44:10.320490 7f47e82bf700 	kXpressCompression supported: 0
2020/07/25-14:44:10.320491 7f47e82bf700 	kLZ4HCCompression supported: 0
2020/07/25-14:44:10.320492 7f47e82bf700 	kLZ4Compression supported: 0
2020/07/25-14:44:10.320493 7f47e82bf700 	kBZip2Compression supported: 0
2020/07/25-14:44:10.320494 7f47e82bf700 	kZlibCompression supported: 0
2020/07/25-14:44:10.320495 7f47e82bf700 	kSnappyCompression supported: 1
2020/07/25-14:44:10.320499 7f47e82bf700 Fast CRC32 supported: Supported on x86
2020/07/25-14:44:10.320630 7f47e82bf700 [version_set.cc:4377] Recovering from manifest file: db.ss2/chains/DevelopmentChain/db/1484bce8c021f2ca/overlayrecent/db/MANIFEST-000001
2020/07/25-14:44:10.320687 7f47e82bf700 [column_family.cc:550] --------------- Options for column family [default]:
2020/07/25-14:44:10.320689 7f47e82bf700               Options.comparator: leveldb.BytewiseComparator
2020/07/25-14:44:10.320690 7f47e82bf700           Options.merge_operator: None
2020/07/25-14:44:10.320691 7f47e82bf700        Options.compaction_filter: None
2020/07/25-14:44:10.320692 7f47e82bf700        Options.compaction_filter_factory: None
2020/07/25-14:44:10.320693 7f47e82bf700         Options.memtable_factory: SkipListFactory
2020/07/25-14:44:10.320694 7f47e82bf700            Options.table_factory: BlockBasedTable
2020/07/25-14:44:10.320719 7f47e82bf700            table_factory options:   flush_block_policy_factory: FlushBlockBySizePolicyFactory (0x558f20e9ce00)
  cache_index_and_filter_blocks: 0
  cache_index_and_filter_blocks_with_high_priority: 1
  pin_l0_filter_and_index_blocks_in_cache: 0
  pin_top_level_index_and_filter: 1
  index_type: 0
  data_block_index_type: 0
  index_shortening: 1
  data_block_hash_table_util_ratio: 0.750000
  hash_index_allow_collision: 1
  checksum: 1
  no_block_cache: 0
  block_cache: 0x558f20ea4e40
  block_cache_name: LRUCache
  block_cache_options:
    capacity : 8388608
    num_shard_bits : 4
    strict_capacity_limit : 0
    memory_allocator : None
    high_pri_pool_ratio: 0.000
  block_cache_compressed: (nil)
  persistent_cache: (nil)
  block_size: 4096
  block_size_deviation: 10
  block_restart_interval: 16
  index_block_restart_interval: 1
  metadata_block_size: 4096
  partition_filters: 0
  use_delta_encoding: 1
  filter_policy: nullptr
  whole_key_filtering: 1
  verify_compression: 0
  read_amp_bytes_per_bit: 0
  format_version: 2
  enable_index_compression: 1
  block_align: 0
2020/07/25-14:44:10.320724 7f47e82bf700        Options.write_buffer_size: 67108864
2020/07/25-14:44:10.320725 7f47e82bf700  Options.max_write_buffer_number: 2
2020/07/25-14:44:10.320726 7f47e82bf700          Options.compression: Snappy
2020/07/25-14:44:10.320727 7f47e82bf700                  Options.bottommost_compression: Disabled
2020/07/25-14:44:10.320728 7f47e82bf700       Options.prefix_extractor: nullptr
2020/07/25-14:44:10.320729 7f47e82bf700   Options.memtable_insert_with_hint_prefix_extractor: nullptr
2020/07/25-14:44:10.320730 7f47e82bf700             Options.num_levels: 7
2020/07/25-14:44:10.320731 7f47e82bf700        Options.min_write_buffer_number_to_merge: 1
2020/07/25-14:44:10.320732 7f47e82bf700     Options.max_write_buffer_number_to_maintain: 0
2020/07/25-14:44:10.320733 7f47e82bf700     Options.max_write_buffer_size_to_maintain: 0
2020/07/25-14:44:10.320734 7f47e82bf700            Options.bottommost_compression_opts.window_bits: -14
2020/07/25-14:44:10.320735 7f47e82bf700                  Options.bottommost_compression_opts.level: 32767
2020/07/25-14:44:10.320736 7f47e82bf700               Options.bottommost_compression_opts.strategy: 0
2020/07/25-14:44:10.320737 7f47e82bf700         Options.bottommost_compression_opts.max_dict_bytes: 0
2020/07/25-14:44:10.320738 7f47e82bf700         Options.bottommost_compression_opts.zstd_max_train_bytes: 0
2020/07/25-14:44:10.320739 7f47e82bf700                  Options.bottommost_compression_opts.enabled: false
2020/07/25-14:44:10.320740 7f47e82bf700            Options.compression_opts.window_bits: -14
2020/07/25-14:44:10.320741 7f47e82bf700                  Options.compression_opts.level: 32767
2020/07/25-14:44:10.320742 7f47e82bf700               Options.compression_opts.strategy: 0
2020/07/25-14:44:10.320742 7f47e82bf700         Options.compression_opts.max_dict_bytes: 0
2020/07/25-14:44:10.320743 7f47e82bf700         Options.compression_opts.zstd_max_train_bytes: 0
2020/07/25-14:44:10.320744 7f47e82bf700                  Options.compression_opts.enabled: false
2020/07/25-14:44:10.320745 7f47e82bf700      Options.level0_file_num_compaction_trigger: 4
2020/07/25-14:44:10.320754 7f47e82bf700          Options.level0_slowdown_writes_trigger: 20
2020/07/25-14:44:10.320755 7f47e82bf700              Options.level0_stop_writes_trigger: 36
2020/07/25-14:44:10.320756 7f47e82bf700                   Options.target_file_size_base: 67108864
2020/07/25-14:44:10.320757 7f47e82bf700             Options.target_file_size_multiplier: 1
2020/07/25-14:44:10.320758 7f47e82bf700                Options.max_bytes_for_level_base: 268435456
2020/07/25-14:44:10.320759 7f47e82bf700 Options.level_compaction_dynamic_level_bytes: 0
2020/07/25-14:44:10.320760 7f47e82bf700          Options.max_bytes_for_level_multiplier: 10.000000
2020/07/25-14:44:10.320762 7f47e82bf700 Options.max_bytes_for_level_multiplier_addtl[0]: 1
2020/07/25-14:44:10.320763 7f47e82bf700 Options.max_bytes_for_level_multiplier_addtl[1]: 1
2020/07/25-14:44:10.320764 7f47e82bf700 Options.max_bytes_for_level_multiplier_addtl[2]: 1
2020/07/25-14:44:10.320765 7f47e82bf700 Options.max_bytes_for_level_multiplier_addtl[3]: 1
2020/07/25-14:44:10.320766 7f47e82bf700 Options.max_bytes_for_level_multiplier_addtl[4]: 1
2020/07/25-14:44:10.320767 7f47e82bf700 Options.max_bytes_for_level_multiplier_addtl[5]: 1
2020/07/25-14:44:10.320768 7f47e82bf700 Options.max_bytes_for_level_multiplier_addtl[6]: 1
2020/07/25-14:44:10.320768 7f47e82bf700       Options.max_sequential_skip_in_iterations: 8
2020/07/25-14:44:10.320769 7f47e82bf700                    Options.max_compaction_bytes: 1677721600
2020/07/25-14:44:10.320770 7f47e82bf700                        Options.arena_block_size: 8388608
2020/07/25-14:44:10.320771 7f47e82bf700   Options.soft_pending_compaction_bytes_limit: 68719476736
2020/07/25-14:44:10.320772 7f47e82bf700   Options.hard_pending_compaction_bytes_limit: 274877906944
2020/07/25-14:44:10.320773 7f47e82bf700       Options.rate_limit_delay_max_milliseconds: 100
2020/07/25-14:44:10.320774 7f47e82bf700                Options.disable_auto_compactions: 0
2020/07/25-14:44:10.320776 7f47e82bf700                        Options.compaction_style: kCompactionStyleLevel
2020/07/25-14:44:10.320777 7f47e82bf700                          Options.compaction_pri: kMinOverlappingRatio
2020/07/25-14:44:10.320778 7f47e82bf700 Options.compaction_options_universal.size_ratio: 1
2020/07/25-14:44:10.320779 7f47e82bf700 Options.compaction_options_universal.min_merge_width: 2
2020/07/25-14:44:10.320780 7f47e82bf700 Options.compaction_options_universal.max_merge_width: 4294967295
2020/07/25-14:44:10.320781 7f47e82bf700 Options.compaction_options_universal.max_size_amplification_percent: 200
2020/07/25-14:44:10.320782 7f47e82bf700 Options.compaction_options_universal.compression_size_percent: -1
2020/07/25-14:44:10.320783 7f47e82bf700 Options.compaction_options_universal.stop_style: kCompactionStopStyleTotalSize
2020/07/25-14:44:10.320784 7f47e82bf700 Options.compaction_options_fifo.max_table_files_size: 1073741824
2020/07/25-14:44:10.320785 7f47e82bf700 Options.compaction_options_fifo.allow_compaction: 0
2020/07/25-14:44:10.320786 7f47e82bf700                   Options.table_properties_collectors: 
2020/07/25-14:44:10.320787 7f47e82bf700                   Options.inplace_update_support: 0
2020/07/25-14:44:10.320788 7f47e82bf700                 Options.inplace_update_num_locks: 10000
2020/07/25-14:44:10.320789 7f47e82bf700               Options.memtable_prefix_bloom_size_ratio: 0.000000
2020/07/25-14:44:10.320790 7f47e82bf700               Options.memtable_whole_key_filtering: 0
2020/07/25-14:44:10.320791 7f47e82bf700   Options.memtable_huge_page_size: 0
2020/07/25-14:44:10.320792 7f47e82bf700                           Options.bloom_locality: 0
2020/07/25-14:44:10.320793 7f47e82bf700                    Options.max_successive_merges: 0
2020/07/25-14:44:10.320794 7f47e82bf700                Options.optimize_filters_for_hits: 0
2020/07/25-14:44:10.320795 7f47e82bf700                Options.paranoid_file_checks: 0
2020/07/25-14:44:10.320796 7f47e82bf700                Options.force_consistency_checks: 0
2020/07/25-14:44:10.320797 7f47e82bf700                Options.report_bg_io_stats: 1
2020/07/25-14:44:10.320804 7f47e82bf700                               Options.ttl: 2592000
2020/07/25-14:44:10.320806 7f47e82bf700          Options.periodic_compaction_seconds: 0
2020/07/25-14:44:10.321484 7f47e82bf700 [version_set.cc:4527] Recovered from manifest file:db.ss2/chains/DevelopmentChain/db/1484bce8c021f2ca/overlayrecent/db/MANIFEST-000001 succeeded,manifest_file_number is 1, next_file_number is 3, last_sequence is 0, log_number is 0,prev_log_number is 0,max_column_family is 0,min_log_number_to_keep is 0
2020/07/25-14:44:10.321491 7f47e82bf700 [version_set.cc:4536] Column family [default] (ID 0), log number is 0
2020/07/25-14:44:10.321622 7f47e82bf700 EVENT_LOG_v1 {"time_micros": 1595688250321604, "job": 1, "event": "recovery_started", "log_files": [3]}
2020/07/25-14:44:10.321627 7f47e82bf700 [db_impl/db_impl_open.cc:735] Recovering log #3 mode 2
2020/07/25-14:44:10.321689 7f47e82bf700 [version_set.cc:3788] Creating manifest 5
2020/07/25-14:44:10.327703 7f47e82bf700 EVENT_LOG_v1 {"time_micros": 1595688250327697, "job": 1, "event": "recovery_finished"}
2020/07/25-14:44:10.327887 7f47e82bf700 [db_impl/db_impl_files.cc:533] [JOB 2] Delete info log file db.ss2/chains/DevelopmentChain/db/1484bce8c021f2ca/overlayrecent/db//LOG.old.1595688250320155
2020/07/25-14:44:10.332080 7f47e82bf700 DB pointer 0x558f20ec7150
2020/07/25-14:44:10.332327 7f47bcff9700 [db_impl/db_impl.cc:858] ------- DUMPING STATS -------
2020/07/25-14:44:10.332352 7f47bcff9700 [db_impl/db_impl.cc:859] 
** DB Stats **
Uptime(secs): 0.0 total, 0.0 interval
Cumulative writes: 0 writes, 0 keys, 0 commit groups, 0.0 writes per commit group, ingest: 0.00 GB, 0.00 MB/s
Cumulative WAL: 0 writes, 0 syncs, 0.00 writes per sync, written: 0.00 GB, 0.00 MB/s
Cumulative stall: 00:00:0.000 H:M:S, 0.0 percent
Interval writes: 0 writes, 0 keys, 0 commit groups, 0.0 writes per commit group, ingest: 0.00 MB, 0.00 MB/s
Interval WAL: 0 writes, 0 syncs, 0.00 writes per sync, written: 0.00 MB, 0.00 MB/s
Interval stall: 00:00:0.000 H:M:S, 0.0 percent

** Compaction Stats [default] **
Level    Files   Size     Score Read(GB)  Rn(GB) Rnp1(GB) Write(GB) Wnew(GB) Moved(GB) W-Amp Rd(MB/s) Wr(MB/s) Comp(sec) CompMergeCPU(sec) Comp(cnt) Avg(sec) KeyIn KeyDrop
----------------------------------------------------------------------------------------------------------------------------------------------------------------------------
 Sum      0/0    0.00 KB   0.0      0.0     0.0      0.0       0.0      0.0       0.0   0.0      0.0      0.0      0.00              0.00         0    0.000       0      0
 Int      0/0    0.00 KB   0.0      0.0     0.0      0.0       0.0      0.0       0.0   0.0      0.0      0.0      0.00              0.00         0    0.000       0      0

** Compaction Stats [default] **
Priority    Files   Size     Score Read(GB)  Rn(GB) Rnp1(GB) Write(GB) Wnew(GB) Moved(GB) W-Amp Rd(MB/s) Wr(MB/s) Comp(sec) CompMergeCPU(sec) Comp(cnt) Avg(sec) KeyIn KeyDrop
-------------------------------------------------------------------------------------------------------------------------------------------------------------------------------
Uptime(secs): 0.0 total, 0.0 interval
Flush(GB): cumulative 0.000, interval 0.000
AddFile(GB): cumulative 0.000, interval 0.000
AddFile(Total Files): cumulative 0, interval 0
AddFile(L0 Files): cumulative 0, interval 0
AddFile(Keys): cumulative 0, interval 0
Cumulative compaction: 0.00 GB write, 0.00 MB/s write, 0.00 GB read, 0.00 MB/s read, 0.0 seconds
Interval compaction: 0.00 GB write, 0.00 MB/s write, 0.00 GB read, 0.00 MB/s read, 0.0 seconds
Stalls(count): 0 level0_slowdown, 0 level0_slowdown_with_compaction, 0 level0_numfiles, 0 level0_numfiles_with_compaction, 0 stop for pending_compaction_bytes, 0 slowdown for pending_compaction_bytes, 0 memtable_compaction, 0 memtable_slowdown, interval 0 total count

** File Read Latency Histogram By Level [default] **

** Compaction Stats [default] **
Level    Files   Size     Score Read(GB)  Rn(GB) Rnp1(GB) Write(GB) Wnew(GB) Moved(GB) W-Amp Rd(MB/s) Wr(MB/s) Comp(sec) CompMergeCPU(sec) Comp(cnt) Avg(sec) KeyIn KeyDrop
----------------------------------------------------------------------------------------------------------------------------------------------------------------------------
 Sum      0/0    0.00 KB   0.0      0.0     0.0      0.0       0.0      0.0       0.0   0.0      0.0      0.0      0.00              0.00         0    0.000       0      0
 Int      0/0    0.00 KB   0.0      0.0     0.0      0.0       0.0      0.0       0.0   0.0      0.0      0.0      0.00              0.00         0    0.000       0      0

** Compaction Stats [default] **
Priority    Files   Size     Score Read(GB)  Rn(GB) Rnp1(GB) Write(GB) Wnew(GB) Moved(GB) W-Amp Rd(MB/s) Wr(MB/s) Comp(sec) CompMergeCPU(sec) Comp(cnt) Avg(sec) KeyIn KeyDrop
-------------------------------------------------------------------------------------------------------------------------------------------------------------------------------
Uptime(secs): 0.0 total, 0.0 interval
Flush(GB): cumulative 0.000, interval 0.000
AddFile(GB): cumulative 0.000, interval 0.000
AddFile(Total Files): cumulative 0, interval 0
AddFile(L0 Files): cumulative 0, interval 0
AddFile(Keys): cumulative 0, interval 0
Cumulative compaction: 0.00 GB write, 0.00 MB/s write, 0.00 GB read, 0.00 MB/s read, 0.0 seconds
Interval compaction: 0.00 GB write, 0.00 MB/s write, 0.00 GB read, 0.00 MB/s read, 0.0 seconds
Stalls(count): 0 level0_slowdown, 0 level0_slowdown_with_compaction, 0 level0_numfiles, 0 level0_numfiles_with_compaction, 0 stop for pending_compaction_bytes, 0 slowdown for pending_compaction_bytes, 0 memtable_compaction, 0 memtable_slowdown, interval 0 total count

** File Read Latency Histogram By Level [default] **
2020/07/25-14:44:10.334144 7f47e82bf700 [column_family.cc:550] --------------- Options for column family [col0]:
2020/07/25-14:44:10.334150 7f47e82bf700               Options.comparator: leveldb.BytewiseComparator
2020/07/25-14:44:10.334151 7f47e82bf700           Options.merge_operator: None
2020/07/25-14:44:10.334152 7f47e82bf700        Options.compaction_filter: None
2020/07/25-14:44:10.334153 7f47e82bf700        Options.compaction_filter_factory: None
2020/07/25-14:44:10.334154 7f47e82bf700         Options.memtable_factory: SkipListFactory
2020/07/25-14:44:10.334156 7f47e82bf700            Options.table_factory: BlockBasedTable
2020/07/25-14:44:10.334196 7f47e82bf700            table_factory options:   flush_block_policy_factory: FlushBlockBySizePolicyFactory (0x558f20ebdcf0)
  cache_index_and_filter_blocks: 1
  cache_index_and_filter_blocks_with_high_priority: 1
  pin_l0_filter_and_index_blocks_in_cache: 1
  pin_top_level_index_and_filter: 1
  index_type: 0
  data_block_index_type: 0
  index_shortening: 1
  data_block_hash_table_util_ratio: 0.750000
  hash_index_allow_collision: 1
  checksum: 1
  no_block_cache: 0
  block_cache: 0x558f20ea6cc0
  block_cache_name: LRUCache
  block_cache_options:
    capacity : 134217728
    num_shard_bits : 6
    strict_capacity_limit : 0
    memory_allocator : None
    high_pri_pool_ratio: 0.500
  block_cache_compressed: (nil)
  persistent_cache: (nil)
  block_size: 16384
  block_size_deviation: 10
  block_restart_interval: 16
  index_block_restart_interval: 1
  metadata_block_size: 4096
  partition_filters: 0
  use_delta_encoding: 1
  filter_policy: rocksdb.BuiltinBloomFilter
  whole_key_filtering: 1
  verify_compression: 0
  read_amp_bytes_per_bit: 0
  format_version: 2
  enable_index_compression: 1
  block_align: 0
2020/07/25-14:44:10.334209 7f47e82bf700        Options.write_buffer_size: 67108864
2020/07/25-14:44:10.334211 7f47e82bf700  Options.max_write_buffer_number: 6
2020/07/25-14:44:10.334213 7f47e82bf700          Options.compression: Snappy
2020/07/25-14:44:10.334214 7f47e82bf700                  Options.bottommost_compression: Disabled
2020/07/25-14:44:10.334215 7f47e82bf700       Options.prefix_extractor: nullptr
2020/07/25-14:44:10.334216 7f47e82bf700   Options.memtable_insert_with_hint_prefix_extractor: nullptr
2020/07/25-14:44:10.334217 7f47e82bf700             Options.num_levels: 7
2020/07/25-14:44:10.334219 7f47e82bf700        Options.min_write_buffer_number_to_merge: 2
2020/07/25-14:44:10.334220 7f47e82bf700     Options.max_write_buffer_number_to_maintain: 0
2020/07/25-14:44:10.334221 7f47e82bf700     Options.max_write_buffer_size_to_maintain: 0
2020/07/25-14:44:10.334222 7f47e82bf700            Options.bottommost_compression_opts.window_bits: -14
2020/07/25-14:44:10.334223 7f47e82bf700                  Options.bottommost_compression_opts.level: 32767
2020/07/25-14:44:10.334224 7f47e82bf700               Options.bottommost_compression_opts.strategy: 0
2020/07/25-14:44:10.334225 7f47e82bf700         Options.bottommost_compression_opts.max_dict_bytes: 0
2020/07/25-14:44:10.334226 7f47e82bf700         Options.bottommost_compression_opts.zstd_max_train_bytes: 0
2020/07/25-14:44:10.334226 7f47e82bf700                  Options.bottommost_compression_opts.enabled: false
2020/07/25-14:44:10.334227 7f47e82bf700            Options.compression_opts.window_bits: -14
2020/07/25-14:44:10.334228 7f47e82bf700                  Options.compression_opts.level: 32767
2020/07/25-14:44:10.334229 7f47e82bf700               Options.compression_opts.strategy: 0
2020/07/25-14:44:10.334230 7f47e82bf700         Options.compression_opts.max_dict_bytes: 0
2020/07/25-14:44:10.334231 7f47e82bf700         Options.compression_opts.zstd_max_train_bytes: 0
2020/07/25-14:44:10.334232 7f47e82bf700                  Options.compression_opts.enabled: false
2020/07/25-14:44:10.334233 7f47e82bf700      Options.level0_file_num_compaction_trigger: 2
2020/07/25-14:44:10.334234 7f47e82bf700          Options.level0_slowdown_writes_trigger: 20
2020/07/25-14:44:10.334235 7f47e82bf700              Options.level0_stop_writes_trigger: 36
2020/07/25-14:44:10.334246 7f47e82bf700                   Options.target_file_size_base: 67108864
2020/07/25-14:44:10.334247 7f47e82bf700             Options.target_file_size_multiplier: 1
2020/07/25-14:44:10.334248 7f47e82bf700                Options.max_bytes_for_level_base: 268435456
2020/07/25-14:44:10.334249 7f47e82bf700 Options.level_compaction_dynamic_level_bytes: 1
2020/07/25-14:44:10.334250 7f47e82bf700          Options.max_bytes_for_level_multiplier: 10.000000
2020/07/25-14:44:10.334253 7f47e82bf700 Options.max_bytes_for_level_multiplier_addtl[0]: 1
2020/07/25-14:44:10.334254 7f47e82bf700 Options.max_bytes_for_level_multiplier_addtl[1]: 1
2020/07/25-14:44:10.334255 7f47e82bf700 Options.max_bytes_for_level_multiplier_addtl[2]: 1
2020/07/25-14:44:10.334256 7f47e82bf700 Options.max_bytes_for_level_multiplier_addtl[3]: 1
2020/07/25-14:44:10.334257 7f47e82bf700 Options.max_bytes_for_level_multiplier_addtl[4]: 1
2020/07/25-14:44:10.334258 7f47e82bf700 Options.max_bytes_for_level_multiplier_addtl[5]: 1
2020/07/25-14:44:10.334259 7f47e82bf700 Options.max_bytes_for_level_multiplier_addtl[6]: 1
2020/07/25-14:44:10.334260 7f47e82bf700       Options.max_sequential_skip_in_iterations: 8
2020/07/25-14:44:10.334261 7f47e82bf700                    Options.max_compaction_bytes: 1677721600
2020/07/25-14:44:10.334262 7f47e82bf700                        Options.arena_block_size: 8388608
2020/07/25-14:44:10.334263 7f47e82bf700   Options.soft_pending_compaction_bytes_limit: 68719476736
2020/07/25-14:44:10.334264 7f47e82bf700   Options.hard_pending_compaction_bytes_limit: 274877906944
2020/07/25-14:44:10.334265 7f47e82bf700       Options.rate_limit_delay_max_milliseconds: 100
2020/07/25-14:44:10.334266 7f47e82bf700                Options.disable_auto_compactions: 0
2020/07/25-14:44:10.334267 7f47e82bf700                        Options.compaction_style: kCompactionStyleLevel
2020/07/25-14:44:10.334269 7f47e82bf700                          Options.compaction_pri: kMinOverlappingRatio
2020/07/25-14:44:10.334270 7f47e82bf700 Options.compaction_options_universal.size_ratio: 1
2020/07/25-14:44:10.334271 7f47e82bf700 Options.compaction_options_universal.min_merge_width: 2
2020/07/25-14:44:10.334272 7f47e82bf700 Options.compaction_options_universal.max_merge_width: 4294967295
2020/07/25-14:44:10.334273 7f47e82bf700 Options.compaction_options_universal.max_size_amplification_percent: 200
2020/07/25-14:44:10.334274 7f47e82bf700 Options.compaction_options_universal.compression_size_percent: -1
2020/07/25-14:44:10.334276 7f47e82bf700 Options.compaction_options_universal.stop_style: kCompactionStopStyleTotalSize
2020/07/25-14:44:10.334277 7f47e82bf700 Options.compaction_options_fifo.max_table_files_size: 1073741824
2020/07/25-14:44:10.334277 7f47e82bf700 Options.compaction_options_fifo.allow_compaction: 0
2020/07/25-14:44:10.334279 7f47e82bf700                   Options.table_properties_collectors: 
2020/07/25-14:44:10.334280 7f47e82bf700                   Options.inplace_update_support: 0
2020/07/25-14:44:10.334281 7f47e82bf700                 Options.inplace_update_num_locks: 10000
2020/07/25-14:44:10.334282 7f47e82bf700               Options.memtable_prefix_bloom_size_ratio: 0.000000
2020/07/25-14:44:10.334283 7f47e82bf700               Options.memtable_whole_key_filtering: 0
2020/07/25-14:44:10.334284 7f47e82bf700   Options.memtable_huge_page_size: 0
2020/07/25-14:44:10.334285 7f47e82bf700                           Options.bloom_locality: 0
2020/07/25-14:44:10.334286 7f47e82bf700                    Options.max_successive_merges: 0
2020/07/25-14:44:10.334287 7f47e82bf700                Options.optimize_filters_for_hits: 0
2020/07/25-14:44:10.334288 7f47e82bf700                Options.paranoid_file_checks: 0
2020/07/25-14:44:10.334289 7f47e82bf700                Options.force_consistency_checks: 0
2020/07/25-14:44:10.334290 7f47e82bf700                Options.report_bg_io_stats: 0
2020/07/25-14:44:10.334291 7f47e82bf700                               Options.ttl: 2592000
2020/07/25-14:44:10.334292 7f47e82bf700          Options.periodic_compaction_seconds: 0
2020/07/25-14:44:10.334326 7f47e82bf700 [db_impl/db_impl.cc:2307] Created column family [col0] (ID 1)
2020/07/25-14:44:10.339444 7f47e82bf700 [column_family.cc:550] --------------- Options for column family [col1]:
2020/07/25-14:44:10.339451 7f47e82bf700               Options.comparator: leveldb.BytewiseComparator
2020/07/25-14:44:10.339453 7f47e82bf700           Options.merge_operator: None
2020/07/25-14:44:10.339455 7f47e82bf700        Options.compaction_filter: None
2020/07/25-14:44:10.339456 7f47e82bf700        Options.compaction_filter_factory: None
2020/07/25-14:44:10.339457 7f47e82bf700         Options.memtable_factory: SkipListFactory
2020/07/25-14:44:10.339458 7f47e82bf700            Options.table_factory: BlockBasedTable
2020/07/25-14:44:10.339482 7f47e82bf700            table_factory options:   flush_block_policy_factory: FlushBlockBySizePolicyFactory (0x558f20ef6d60)
  cache_index_and_filter_blocks: 1
  cache_index_and_filter_blocks_with_high_priority: 1
  pin_l0_filter_and_index_blocks_in_cache: 1
  pin_top_level_index_and_filter: 1
  index_type: 0
  data_block_index_type: 0
  index_shortening: 1
  data_block_hash_table_util_ratio: 0.750000
  hash_index_allow_collision: 1
  checksum: 1
  no_block_cache: 0
  block_cache: 0x558f20ea6cc0
  block_cache_name: LRUCache
  block_cache_options:
    capacity : 134217728
    num_shard_bits : 6
    strict_capacity_limit : 0
    memory_allocator : None
    high_pri_pool_ratio: 0.500
  block_cache_compressed: (nil)
  persistent_cache: (nil)
  block_size: 16384
  block_size_deviation: 10
  block_restart_interval: 16
  index_block_restart_interval: 1
  metadata_block_size: 4096
  partition_filters: 0
  use_delta_encoding: 1
  filter_policy: rocksdb.BuiltinBloomFilter
  whole_key_filtering: 1
  verify_compression: 0
  read_amp_bytes_per_bit: 0
  format_version: 2
  enable_index_compression: 1
  block_align: 0
2020/07/25-14:44:10.339485 7f47e82bf700        Options.write_buffer_size: 4194304
2020/07/25-14:44:10.339486 7f47e82bf700  Options.max_write_buffer_number: 6
2020/07/25-14:44:10.339488 7f47e82bf700          Options.compression: Snappy
2020/07/25-14:44:10.339489 7f47e82bf700                  Options.bottommost_compression: Disabled
2020/07/25-14:44:10.339490 7f47e82bf700       Options.prefix_extractor: nullptr
2020/07/25-14:44:10.339491 7f47e82bf700   Options.memtable_insert_with_hint_prefix_extractor: nullptr
2020/07/25-14:44:10.339492 7f47e82bf700             Options.num_levels: 7
2020/07/25-14:44:10.339493 7f47e82bf700        Options.min_write_buffer_number_to_merge: 2
2020/07/25-14:44:10.339494 7f47e82bf700     Options.max_write_buffer_number_to_maintain: 0
2020/07/25-14:44:10.339495 7f47e82bf700     Options.max_write_buffer_size_to_maintain: 0
2020/07/25-14:44:10.339496 7f47e82bf700            Options.bottommost_compression_opts.window_bits: -14
2020/07/25-14:44:10.339497 7f47e82bf700                  Options.bottommost_compression_opts.level: 32767
2020/07/25-14:44:10.339498 7f47e82bf700               Options.bottommost_compression_opts.strategy: 0
2020/07/25-14:44:10.339499 7f47e82bf700         Options.bottommost_compression_opts.max_dict_bytes: 0
2020/07/25-14:44:10.339500 7f47e82bf700         Options.bottommost_compression_opts.zstd_max_train_bytes: 0
2020/07/25-14:44:10.339501 7f47e82bf700                  Options.bottommost_compression_opts.enabled: false
2020/07/25-14:44:10.339502 7f47e82bf700            Options.compression_opts.window_bits: -14
2020/07/25-14:44:10.339503 7f47e82bf700                  Options.compression_opts.level: 32767
2020/07/25-14:44:10.339504 7f47e82bf700               Options.compression_opts.strategy: 0
2020/07/25-14:44:10.339505 7f47e82bf700         Options.compression_opts.max_dict_bytes: 0
2020/07/25-14:44:10.339505 7f47e82bf700         Options.compression_opts.zstd_max_train_bytes: 0
2020/07/25-14:44:10.339506 7f47e82bf700                  Options.compression_opts.enabled: false
2020/07/25-14:44:10.339507 7f47e82bf700      Options.level0_file_num_compaction_trigger: 2
2020/07/25-14:44:10.339508 7f47e82bf700          Options.level0_slowdown_writes_trigger: 20
2020/07/25-14:44:10.339509 7f47e82bf700              Options.level0_stop_writes_trigger: 36
2020/07/25-14:44:10.339520 7f47e82bf700                   Options.target_file_size_base: 67108864
2020/07/25-14:44:10.339522 7f47e82bf700             Options.target_file_size_multiplier: 1
2020/07/25-14:44:10.339523 7f47e82bf700                Options.max_bytes_for_level_base: 16777216
2020/07/25-14:44:10.339523 7f47e82bf700 Options.level_compaction_dynamic_level_bytes: 1
2020/07/25-14:44:10.339524 7f47e82bf700          Options.max_bytes_for_level_multiplier: 10.000000
2020/07/25-14:44:10.339526 7f47e82bf700 Options.max_bytes_for_level_multiplier_addtl[0]: 1
2020/07/25-14:44:10.339527 7f47e82bf700 Options.max_bytes_for_level_multiplier_addtl[1]: 1
2020/07/25-14:44:10.339528 7f47e82bf700 Options.max_bytes_for_level_multiplier_addtl[2]: 1
2020/07/25-14:44:10.339529 7f47e82bf700 Options.max_bytes_for_level_multiplier_addtl[3]: 1
2020/07/25-14:44:10.339530 7f47e82bf700 Options.max_bytes_for_level_multiplier_addtl[4]: 1
2020/07/25-14:44:10.339531 7f47e82bf700 Options.max_bytes_for_level_multiplier_addtl[5]: 1
2020/07/25-14:44:10.339532 7f47e82bf700 Options.max_bytes_for_level_multiplier_addtl[6]: 1
2020/07/25-14:44:10.339533 7f47e82bf700       Options.max_sequential_skip_in_iterations: 8
2020/07/25-14:44:10.339534 7f47e82bf700                    Options.max_compaction_bytes: 1677721600
2020/07/25-14:44:10.339535 7f47e82bf700                        Options.arena_block_size: 524288
2020/07/25-14:44:10.339536 7f47e82bf700   Options.soft_pending_compaction_bytes_limit: 68719476736
2020/07/25-14:44:10.339537 7f47e82bf700   Options.hard_pending_compaction_bytes_limit: 274877906944
2020/07/25-14:44:10.339538 7f47e82bf700       Options.rate_limit_delay_max_milliseconds: 100
2020/07/25-14:44:10.339539 7f47e82bf700                Options.disable_auto_compactions: 0
2020/07/25-14:44:10.339541 7f47e82bf700                        Options.compaction_style: kCompactionStyleLevel
2020/07/25-14:44:10.339543 7f47e82bf700                          Options.compaction_pri: kMinOverlappingRatio
2020/07/25-14:44:10.339544 7f47e82bf700 Options.compaction_options_universal.size_ratio: 1
2020/07/25-14:44:10.339545 7f47e82bf700 Options.compaction_options_universal.min_merge_width: 2
2020/07/25-14:44:10.339546 7f47e82bf700 Options.compaction_options_universal.max_merge_width: 4294967295
2020/07/25-14:44:10.339547 7f47e82bf700 Options.compaction_options_universal.max_size_amplification_percent: 200
2020/07/25-14:44:10.339548 7f47e82bf700 Options.compaction_options_universal.compression_size_percent: -1
2020/07/25-14:44:10.339549 7f47e82bf700 Options.compaction_options_universal.stop_style: kCompactionStopStyleTotalSize
2020/07/25-14:44:10.339550 7f47e82bf700 Options.compaction_options_fifo.max_table_files_size: 1073741824
2020/07/25-14:44:10.339551 7f47e82bf700 Options.compaction_options_fifo.allow_compaction: 0
2020/07/25-14:44:10.339552 7f47e82bf700                   Options.table_properties_collectors: 
2020/07/25-14:44:10.339553 7f47e82bf700                   Options.inplace_update_support: 0
2020/07/25-14:44:10.339554 7f47e82bf700                 Options.inplace_update_num_locks: 10000
2020/07/25-14:44:10.339555 7f47e82bf700               Options.memtable_prefix_bloom_size_ratio: 0.000000
2020/07/25-14:44:10.339556 7f47e82bf700               Options.memtable_whole_key_filtering: 0
2020/07/25-14:44:10.339557 7f47e82bf700   Options.memtable_huge_page_size: 0
2020/07/25-14:44:10.339558 7f47e82bf700                           Options.bloom_locality: 0
2020/07/25-14:44:10.339559 7f47e82bf700                    Options.max_successive_merges: 0
2020/07/25-14:44:10.339560 7f47e82bf700                Options.optimize_filters_for_hits: 0
2020/07/25-14:44:10.339561 7f47e82bf700                Options.paranoid_file_checks: 0
2020/07/25-14:44:10.339562 7f47e82bf700                Options.force_consistency_checks: 0
2020/07/25-14:44:10.339563 7f47e82bf700                Options.report_bg_io_stats: 0
2020/07/25-14:44:10.339564 7f47e82bf700                               Options.ttl: 2592000
2020/07/25-14:44:10.339565 7f47e82bf700          Options.periodic_compaction_seconds: 0
2020/07/25-14:44:10.339597 7f47e82bf700 [db_impl/db_impl.cc:2307] Created column family [col1] (ID 2)
2020/07/25-14:44:10.345314 7f47e82bf700 [column_family.cc:550] --------------- Options for column family [col2]:
2020/07/25-14:44:10.345322 7f47e82bf700               Options.comparator: leveldb.BytewiseComparator
2020/07/25-14:44:10.345324 7f47e82bf700           Options.merge_operator: None
2020/07/25-14:44:10.345325 7f47e82bf700        Options.compaction_filter: None
2020/07/25-14:44:10.345327 7f47e82bf700        Options.compaction_filter_factory: None
2020/07/25-14:44:10.345328 7f47e82bf700         Options.memtable_factory: SkipListFactory
2020/07/25-14:44:10.345328 7f47e82bf700            Options.table_factory: BlockBasedTable
2020/07/25-14:44:10.345369 7f47e82bf700            table_factory options:   flush_block_policy_factory: FlushBlockBySizePolicyFactory (0x558f20f02000)
  cache_index_and_filter_blocks: 1
  cache_index_and_filter_blocks_with_high_priority: 1
  pin_l0_filter_and_index_blocks_in_cache: 1
  pin_top_level_index_and_filter: 1
  index_type: 0
  data_block_index_type: 0
  index_shortening: 1
