2020/07/25-14:45:10.392792 7fcc1224f700 RocksDB version: 6.6.4
2020/07/25-14:45:10.392809 7fcc1224f700 Git sha rocksdb_build_git_sha:@551a110918493a19d11243f53408b97485de1411@
2020/07/25-14:45:10.392811 7fcc1224f700 Compile date May 14 2020
2020/07/25-14:45:10.392812 7fcc1224f700 DB SUMMARY
2020/07/25-14:45:10.392837 7fcc1224f700 CURRENT file:  CURRENT
2020/07/25-14:45:10.392838 7fcc1224f700 IDENTITY file:  IDENTITY
2020/07/25-14:45:10.392842 7fcc1224f700 MANIFEST file:  MANIFEST-000001 size: 13 Bytes
2020/07/25-14:45:10.392843 7fcc1224f700 SST files in db.ss11/secretstore/db dir, Total Num: 0, files: 
2020/07/25-14:45:10.392845 7fcc1224f700 Write Ahead Log file in db.ss11/secretstore/db: 000003.log size: 0 ; 
2020/07/25-14:45:10.392847 7fcc1224f700                         Options.error_if_exists: 0
2020/07/25-14:45:10.392848 7fcc1224f700                       Options.create_if_missing: 1
2020/07/25-14:45:10.392850 7fcc1224f700                         Options.paranoid_checks: 1
2020/07/25-14:45:10.392851 7fcc1224f700                                     Options.env: 0x56221fd36b40
2020/07/25-14:45:10.392852 7fcc1224f700                                Options.info_log: 0x562221a40f50
2020/07/25-14:45:10.392853 7fcc1224f700                Options.max_file_opening_threads: 16
2020/07/25-14:45:10.392854 7fcc1224f700                              Options.statistics: (nil)
2020/07/25-14:45:10.392855 7fcc1224f700                               Options.use_fsync: 0
2020/07/25-14:45:10.392857 7fcc1224f700                       Options.max_log_file_size: 0
2020/07/25-14:45:10.392858 7fcc1224f700                  Options.max_manifest_file_size: 1073741824
2020/07/25-14:45:10.392859 7fcc1224f700                   Options.log_file_time_to_roll: 0
2020/07/25-14:45:10.392860 7fcc1224f700                       Options.keep_log_file_num: 1
2020/07/25-14:45:10.392861 7fcc1224f700                    Options.recycle_log_file_num: 0
2020/07/25-14:45:10.392862 7fcc1224f700                         Options.allow_fallocate: 1
2020/07/25-14:45:10.392863 7fcc1224f700                        Options.allow_mmap_reads: 0
2020/07/25-14:45:10.392864 7fcc1224f700                       Options.allow_mmap_writes: 0
2020/07/25-14:45:10.392865 7fcc1224f700                        Options.use_direct_reads: 0
2020/07/25-14:45:10.392866 7fcc1224f700                        Options.use_direct_io_for_flush_and_compaction: 0
2020/07/25-14:45:10.392867 7fcc1224f700          Options.create_missing_column_families: 0
2020/07/25-14:45:10.392868 7fcc1224f700                              Options.db_log_dir: 
2020/07/25-14:45:10.392869 7fcc1224f700                                 Options.wal_dir: db.ss11/secretstore/db
2020/07/25-14:45:10.392869 7fcc1224f700                Options.table_cache_numshardbits: 6
2020/07/25-14:45:10.392870 7fcc1224f700                      Options.max_subcompactions: 1
2020/07/25-14:45:10.392871 7fcc1224f700                  Options.max_background_flushes: -1
2020/07/25-14:45:10.392872 7fcc1224f700                         Options.WAL_ttl_seconds: 0
2020/07/25-14:45:10.392873 7fcc1224f700                       Options.WAL_size_limit_MB: 0
2020/07/25-14:45:10.392874 7fcc1224f700                        Options.max_write_batch_group_size_bytes: 1048576
2020/07/25-14:45:10.392875 7fcc1224f700             Options.manifest_preallocation_size: 4194304
2020/07/25-14:45:10.392876 7fcc1224f700                     Options.is_fd_close_on_exec: 1
2020/07/25-14:45:10.392877 7fcc1224f700                   Options.advise_random_on_open: 1
2020/07/25-14:45:10.392878 7fcc1224f700                    Options.db_write_buffer_size: 0
2020/07/25-14:45:10.392879 7fcc1224f700                    Options.write_buffer_manager: 0x562221a4f580
2020/07/25-14:45:10.392880 7fcc1224f700         Options.access_hint_on_compaction_start: 1
2020/07/25-14:45:10.392881 7fcc1224f700  Options.new_table_reader_for_compaction_inputs: 0
2020/07/25-14:45:10.392882 7fcc1224f700           Options.random_access_max_buffer_size: 1048576
2020/07/25-14:45:10.392883 7fcc1224f700                      Options.use_adaptive_mutex: 0
2020/07/25-14:45:10.392884 7fcc1224f700                            Options.rate_limiter: (nil)
2020/07/25-14:45:10.392893 7fcc1224f700     Options.sst_file_manager.rate_bytes_per_sec: 0
2020/07/25-14:45:10.392894 7fcc1224f700                       Options.wal_recovery_mode: 2
2020/07/25-14:45:10.392895 7fcc1224f700                  Options.enable_thread_tracking: 0
2020/07/25-14:45:10.392896 7fcc1224f700                  Options.enable_pipelined_write: 0
2020/07/25-14:45:10.392896 7fcc1224f700                  Options.unordered_write: 0
2020/07/25-14:45:10.392897 7fcc1224f700         Options.allow_concurrent_memtable_write: 1
2020/07/25-14:45:10.392898 7fcc1224f700      Options.enable_write_thread_adaptive_yield: 1
2020/07/25-14:45:10.392899 7fcc1224f700             Options.write_thread_max_yield_usec: 100
2020/07/25-14:45:10.392900 7fcc1224f700            Options.write_thread_slow_yield_usec: 3
2020/07/25-14:45:10.392901 7fcc1224f700                               Options.row_cache: None
2020/07/25-14:45:10.392902 7fcc1224f700                              Options.wal_filter: None
2020/07/25-14:45:10.392903 7fcc1224f700             Options.avoid_flush_during_recovery: 0
2020/07/25-14:45:10.392904 7fcc1224f700             Options.allow_ingest_behind: 0
2020/07/25-14:45:10.392905 7fcc1224f700             Options.preserve_deletes: 0
2020/07/25-14:45:10.392906 7fcc1224f700             Options.two_write_queues: 0
2020/07/25-14:45:10.392907 7fcc1224f700             Options.manual_wal_flush: 0
2020/07/25-14:45:10.392908 7fcc1224f700             Options.atomic_flush: 0
2020/07/25-14:45:10.392909 7fcc1224f700             Options.avoid_unnecessary_blocking_io: 0
2020/07/25-14:45:10.392909 7fcc1224f700                 Options.persist_stats_to_disk: 0
2020/07/25-14:45:10.392910 7fcc1224f700                 Options.write_dbid_to_manifest: 0
2020/07/25-14:45:10.392911 7fcc1224f700                 Options.log_readahead_size: 0
2020/07/25-14:45:10.392912 7fcc1224f700             Options.max_background_jobs: 1
2020/07/25-14:45:10.392913 7fcc1224f700             Options.max_background_compactions: -1
2020/07/25-14:45:10.392914 7fcc1224f700             Options.avoid_flush_during_shutdown: 0
2020/07/25-14:45:10.392915 7fcc1224f700           Options.writable_file_max_buffer_size: 1048576
2020/07/25-14:45:10.392916 7fcc1224f700             Options.delayed_write_rate : 16777216
2020/07/25-14:45:10.392917 7fcc1224f700             Options.max_total_wal_size: 0
2020/07/25-14:45:10.392918 7fcc1224f700             Options.delete_obsolete_files_period_micros: 21600000000
2020/07/25-14:45:10.392919 7fcc1224f700                   Options.stats_dump_period_sec: 600
2020/07/25-14:45:10.392920 7fcc1224f700                 Options.stats_persist_period_sec: 600
2020/07/25-14:45:10.392921 7fcc1224f700                 Options.stats_history_buffer_size: 1048576
2020/07/25-14:45:10.392922 7fcc1224f700                          Options.max_open_files: 512
2020/07/25-14:45:10.392923 7fcc1224f700                          Options.bytes_per_sync: 1048576
2020/07/25-14:45:10.392924 7fcc1224f700                      Options.wal_bytes_per_sync: 0
2020/07/25-14:45:10.392926 7fcc1224f700                   Options.strict_bytes_per_sync: 0
2020/07/25-14:45:10.392926 7fcc1224f700       Options.compaction_readahead_size: 0
2020/07/25-14:45:10.392927 7fcc1224f700 Compression algorithms supported:
2020/07/25-14:45:10.392929 7fcc1224f700 	kZSTDNotFinalCompression supported: 0
2020/07/25-14:45:10.392931 7fcc1224f700 	kZSTD supported: 0
2020/07/25-14:45:10.392932 7fcc1224f700 	kXpressCompression supported: 0
2020/07/25-14:45:10.392934 7fcc1224f700 	kLZ4HCCompression supported: 0
2020/07/25-14:45:10.392935 7fcc1224f700 	kLZ4Compression supported: 0
2020/07/25-14:45:10.392936 7fcc1224f700 	kBZip2Compression supported: 0
2020/07/25-14:45:10.392937 7fcc1224f700 	kZlibCompression supported: 0
2020/07/25-14:45:10.392938 7fcc1224f700 	kSnappyCompression supported: 1
2020/07/25-14:45:10.392943 7fcc1224f700 Fast CRC32 supported: Supported on x86
2020/07/25-14:45:10.393069 7fcc1224f700 [version_set.cc:4377] Recovering from manifest file: db.ss11/secretstore/db/MANIFEST-000001
2020/07/25-14:45:10.393170 7fcc1224f700 [column_family.cc:550] --------------- Options for column family [default]:
2020/07/25-14:45:10.393172 7fcc1224f700               Options.comparator: leveldb.BytewiseComparator
2020/07/25-14:45:10.393173 7fcc1224f700           Options.merge_operator: None
2020/07/25-14:45:10.393174 7fcc1224f700        Options.compaction_filter: None
2020/07/25-14:45:10.393175 7fcc1224f700        Options.compaction_filter_factory: None
2020/07/25-14:45:10.393176 7fcc1224f700         Options.memtable_factory: SkipListFactory
2020/07/25-14:45:10.393177 7fcc1224f700            Options.table_factory: BlockBasedTable
2020/07/25-14:45:10.393201 7fcc1224f700            table_factory options:   flush_block_policy_factory: FlushBlockBySizePolicyFactory (0x562221a6cb30)
  cache_index_and_filter_blocks: 0
  cache_index_and_filter_blocks_with_high_priority: 1
  pin_l0_filter_and_index_blocks_in_cache: 0
  pin_top_level_index_and_filter: 1
  index_type: 0
  data_block_index_type: 0
  index_shortening: 1
  data_block_hash_table_util_ratio: 0.750000
  hash_index_allow_collision: 1
  checksum: 1
  no_block_cache: 0
  block_cache: 0x562221a681f0
  block_cache_name: LRUCache
  block_cache_options:
    capacity : 8388608
    num_shard_bits : 4
    strict_capacity_limit : 0
    memory_allocator : None
    high_pri_pool_ratio: 0.000
  block_cache_compressed: (nil)
  persistent_cache: (nil)
  block_size: 4096
  block_size_deviation: 10
  block_restart_interval: 16
  index_block_restart_interval: 1
  metadata_block_size: 4096
  partition_filters: 0
  use_delta_encoding: 1
  filter_policy: nullptr
  whole_key_filtering: 1
  verify_compression: 0
  read_amp_bytes_per_bit: 0
  format_version: 2
  enable_index_compression: 1
  block_align: 0
2020/07/25-14:45:10.393204 7fcc1224f700        Options.write_buffer_size: 67108864
2020/07/25-14:45:10.393205 7fcc1224f700  Options.max_write_buffer_number: 2
2020/07/25-14:45:10.393206 7fcc1224f700          Options.compression: Snappy
2020/07/25-14:45:10.393207 7fcc1224f700                  Options.bottommost_compression: Disabled
2020/07/25-14:45:10.393208 7fcc1224f700       Options.prefix_extractor: nullptr
2020/07/25-14:45:10.393209 7fcc1224f700   Options.memtable_insert_with_hint_prefix_extractor: nullptr
2020/07/25-14:45:10.393210 7fcc1224f700             Options.num_levels: 7
2020/07/25-14:45:10.393211 7fcc1224f700        Options.min_write_buffer_number_to_merge: 1
2020/07/25-14:45:10.393212 7fcc1224f700     Options.max_write_buffer_number_to_maintain: 0
2020/07/25-14:45:10.393213 7fcc1224f700     Options.max_write_buffer_size_to_maintain: 0
2020/07/25-14:45:10.393214 7fcc1224f700            Options.bottommost_compression_opts.window_bits: -14
2020/07/25-14:45:10.393215 7fcc1224f700                  Options.bottommost_compression_opts.level: 32767
2020/07/25-14:45:10.393216 7fcc1224f700               Options.bottommost_compression_opts.strategy: 0
2020/07/25-14:45:10.393217 7fcc1224f700         Options.bottommost_compression_opts.max_dict_bytes: 0
2020/07/25-14:45:10.393218 7fcc1224f700         Options.bottommost_compression_opts.zstd_max_train_bytes: 0
2020/07/25-14:45:10.393219 7fcc1224f700                  Options.bottommost_compression_opts.enabled: false
2020/07/25-14:45:10.393220 7fcc1224f700            Options.compression_opts.window_bits: -14
2020/07/25-14:45:10.393221 7fcc1224f700                  Options.compression_opts.level: 32767
2020/07/25-14:45:10.393222 7fcc1224f700               Options.compression_opts.strategy: 0
2020/07/25-14:45:10.393223 7fcc1224f700         Options.compression_opts.max_dict_bytes: 0
2020/07/25-14:45:10.393224 7fcc1224f700         Options.compression_opts.zstd_max_train_bytes: 0
2020/07/25-14:45:10.393225 7fcc1224f700                  Options.compression_opts.enabled: false
2020/07/25-14:45:10.393226 7fcc1224f700      Options.level0_file_num_compaction_trigger: 4
2020/07/25-14:45:10.393226 7fcc1224f700          Options.level0_slowdown_writes_trigger: 20
2020/07/25-14:45:10.393227 7fcc1224f700              Options.level0_stop_writes_trigger: 36
2020/07/25-14:45:10.393235 7fcc1224f700                   Options.target_file_size_base: 67108864
2020/07/25-14:45:10.393236 7fcc1224f700             Options.target_file_size_multiplier: 1
2020/07/25-14:45:10.393237 7fcc1224f700                Options.max_bytes_for_level_base: 268435456
2020/07/25-14:45:10.393238 7fcc1224f700 Options.level_compaction_dynamic_level_bytes: 0
2020/07/25-14:45:10.393239 7fcc1224f700          Options.max_bytes_for_level_multiplier: 10.000000
2020/07/25-14:45:10.393241 7fcc1224f700 Options.max_bytes_for_level_multiplier_addtl[0]: 1
2020/07/25-14:45:10.393242 7fcc1224f700 Options.max_bytes_for_level_multiplier_addtl[1]: 1
2020/07/25-14:45:10.393243 7fcc1224f700 Options.max_bytes_for_level_multiplier_addtl[2]: 1
2020/07/25-14:45:10.393244 7fcc1224f700 Options.max_bytes_for_level_multiplier_addtl[3]: 1
2020/07/25-14:45:10.393245 7fcc1224f700 Options.max_bytes_for_level_multiplier_addtl[4]: 1
2020/07/25-14:45:10.393246 7fcc1224f700 Options.max_bytes_for_level_multiplier_addtl[5]: 1
2020/07/25-14:45:10.393247 7fcc1224f700 Options.max_bytes_for_level_multiplier_addtl[6]: 1
2020/07/25-14:45:10.393248 7fcc1224f700       Options.max_sequential_skip_in_iterations: 8
2020/07/25-14:45:10.393249 7fcc1224f700                    Options.max_compaction_bytes: 1677721600
2020/07/25-14:45:10.393250 7fcc1224f700                        Options.arena_block_size: 8388608
2020/07/25-14:45:10.393251 7fcc1224f700   Options.soft_pending_compaction_bytes_limit: 68719476736
2020/07/25-14:45:10.393252 7fcc1224f700   Options.hard_pending_compaction_bytes_limit: 274877906944
2020/07/25-14:45:10.393253 7fcc1224f700       Options.rate_limit_delay_max_milliseconds: 100
2020/07/25-14:45:10.393254 7fcc1224f700                Options.disable_auto_compactions: 0
2020/07/25-14:45:10.393255 7fcc1224f700                        Options.compaction_style: kCompactionStyleLevel
2020/07/25-14:45:10.393256 7fcc1224f700                          Options.compaction_pri: kMinOverlappingRatio
2020/07/25-14:45:10.393257 7fcc1224f700 Options.compaction_options_universal.size_ratio: 1
2020/07/25-14:45:10.393258 7fcc1224f700 Options.compaction_options_universal.min_merge_width: 2
2020/07/25-14:45:10.393259 7fcc1224f700 Options.compaction_options_universal.max_merge_width: 4294967295
2020/07/25-14:45:10.393260 7fcc1224f700 Options.compaction_options_universal.max_size_amplification_percent: 200
2020/07/25-14:45:10.393261 7fcc1224f700 Options.compaction_options_universal.compression_size_percent: -1
2020/07/25-14:45:10.393263 7fcc1224f700 Options.compaction_options_universal.stop_style: kCompactionStopStyleTotalSize
2020/07/25-14:45:10.393264 7fcc1224f700 Options.compaction_options_fifo.max_table_files_size: 1073741824
2020/07/25-14:45:10.393265 7fcc1224f700 Options.compaction_options_fifo.allow_compaction: 0
2020/07/25-14:45:10.393266 7fcc1224f700                   Options.table_properties_collectors: 
2020/07/25-14:45:10.393267 7fcc1224f700                   Options.inplace_update_support: 0
2020/07/25-14:45:10.393267 7fcc1224f700                 Options.inplace_update_num_locks: 10000
2020/07/25-14:45:10.393268 7fcc1224f700               Options.memtable_prefix_bloom_size_ratio: 0.000000
2020/07/25-14:45:10.393270 7fcc1224f700               Options.memtable_whole_key_filtering: 0
2020/07/25-14:45:10.393271 7fcc1224f700   Options.memtable_huge_page_size: 0
2020/07/25-14:45:10.393271 7fcc1224f700                           Options.bloom_locality: 0
2020/07/25-14:45:10.393272 7fcc1224f700                    Options.max_successive_merges: 0
2020/07/25-14:45:10.393273 7fcc1224f700                Options.optimize_filters_for_hits: 0
2020/07/25-14:45:10.393274 7fcc1224f700                Options.paranoid_file_checks: 0
2020/07/25-14:45:10.393275 7fcc1224f700                Options.force_consistency_checks: 0
2020/07/25-14:45:10.393276 7fcc1224f700                Options.report_bg_io_stats: 0
2020/07/25-14:45:10.393277 7fcc1224f700                               Options.ttl: 2592000
2020/07/25-14:45:10.393278 7fcc1224f700          Options.periodic_compaction_seconds: 0
2020/07/25-14:45:10.393969 7fcc1224f700 [version_set.cc:4527] Recovered from manifest file:db.ss11/secretstore/db/MANIFEST-000001 succeeded,manifest_file_number is 1, next_file_number is 3, last_sequence is 0, log_number is 0,prev_log_number is 0,max_column_family is 0,min_log_number_to_keep is 0
2020/07/25-14:45:10.393976 7fcc1224f700 [version_set.cc:4536] Column family [default] (ID 0), log number is 0
2020/07/25-14:45:10.394090 7fcc1224f700 EVENT_LOG_v1 {"time_micros": 1595688310394082, "job": 1, "event": "recovery_started", "log_files": [3]}
2020/07/25-14:45:10.394094 7fcc1224f700 [db_impl/db_impl_open.cc:735] Recovering log #3 mode 2
2020/07/25-14:45:10.394155 7fcc1224f700 [version_set.cc:3788] Creating manifest 5
2020/07/25-14:45:10.400230 7fcc1224f700 EVENT_LOG_v1 {"time_micros": 1595688310400224, "job": 1, "event": "recovery_finished"}
2020/07/25-14:45:10.400432 7fcc1224f700 [db_impl/db_impl_files.cc:533] [JOB 2] Delete info log file db.ss11/secretstore/db//LOG.old.1595688310392637
2020/07/25-14:45:10.404695 7fcc1224f700 DB pointer 0x562221a6cb50
2020/07/25-14:45:10.404936 7fcbdafeb700 [db_impl/db_impl.cc:858] ------- DUMPING STATS -------
2020/07/25-14:45:10.404961 7fcbdafeb700 [db_impl/db_impl.cc:859] 
** DB Stats **
Uptime(secs): 0.0 total, 0.0 interval
Cumulative writes: 0 writes, 0 keys, 0 commit groups, 0.0 writes per commit group, ingest: 0.00 GB, 0.00 MB/s
Cumulative WAL: 0 writes, 0 syncs, 0.00 writes per sync, written: 0.00 GB, 0.00 MB/s
Cumulative stall: 00:00:0.000 H:M:S, 0.0 percent
Interval writes: 0 writes, 0 keys, 0 commit groups, 0.0 writes per commit group, ingest: 0.00 MB, 0.00 MB/s
Interval WAL: 0 writes, 0 syncs, 0.00 writes per sync, written: 0.00 MB, 0.00 MB/s
Interval stall: 00:00:0.000 H:M:S, 0.0 percent

** Compaction Stats [default] **
Level    Files   Size     Score Read(GB)  Rn(GB) Rnp1(GB) Write(GB) Wnew(GB) Moved(GB) W-Amp Rd(MB/s) Wr(MB/s) Comp(sec) CompMergeCPU(sec) Comp(cnt) Avg(sec) KeyIn KeyDrop
----------------------------------------------------------------------------------------------------------------------------------------------------------------------------
 Sum      0/0    0.00 KB   0.0      0.0     0.0      0.0       0.0      0.0       0.0   0.0      0.0      0.0      0.00              0.00         0    0.000       0      0
 Int      0/0    0.00 KB   0.0      0.0     0.0      0.0       0.0      0.0       0.0   0.0      0.0      0.0      0.00              0.00         0    0.000       0      0

** Compaction Stats [default] **
Priority    Files   Size     Score Read(GB)  Rn(GB) Rnp1(GB) Write(GB) Wnew(GB) Moved(GB) W-Amp Rd(MB/s) Wr(MB/s) Comp(sec) CompMergeCPU(sec) Comp(cnt) Avg(sec) KeyIn KeyDrop
-------------------------------------------------------------------------------------------------------------------------------------------------------------------------------
Uptime(secs): 0.0 total, 0.0 interval
Flush(GB): cumulative 0.000, interval 0.000
AddFile(GB): cumulative 0.000, interval 0.000
AddFile(Total Files): cumulative 0, interval 0
AddFile(L0 Files): cumulative 0, interval 0
AddFile(Keys): cumulative 0, interval 0
Cumulative compaction: 0.00 GB write, 0.00 MB/s write, 0.00 GB read, 0.00 MB/s read, 0.0 seconds
Interval compaction: 0.00 GB write, 0.00 MB/s write, 0.00 GB read, 0.00 MB/s read, 0.0 seconds
Stalls(count): 0 level0_slowdown, 0 level0_slowdown_with_compaction, 0 level0_numfiles, 0 level0_numfiles_with_compaction, 0 stop for pending_compaction_bytes, 0 slowdown for pending_compaction_bytes, 0 memtable_compaction, 0 memtable_slowdown, interval 0 total count

** File Read Latency Histogram By Level [default] **

** Compaction Stats [default] **
Level    Files   Size     Score Read(GB)  Rn(GB) Rnp1(GB) Write(GB) Wnew(GB) Moved(GB) W-Amp Rd(MB/s) Wr(MB/s) Comp(sec) CompMergeCPU(sec) Comp(cnt) Avg(sec) KeyIn KeyDrop
----------------------------------------------------------------------------------------------------------------------------------------------------------------------------
 Sum      0/0    0.00 KB   0.0      0.0     0.0      0.0       0.0      0.0       0.0   0.0      0.0      0.0      0.00              0.00         0    0.000       0      0
 Int      0/0    0.00 KB   0.0      0.0     0.0      0.0       0.0      0.0       0.0   0.0      0.0      0.0      0.00              0.00         0    0.000       0      0

** Compaction Stats [default] **
Priority    Files   Size     Score Read(GB)  Rn(GB) Rnp1(GB) Write(GB) Wnew(GB) Moved(GB) W-Amp Rd(MB/s) Wr(MB/s) Comp(sec) CompMergeCPU(sec) Comp(cnt) Avg(sec) KeyIn KeyDrop
-------------------------------------------------------------------------------------------------------------------------------------------------------------------------------
Uptime(secs): 0.0 total, 0.0 interval
Flush(GB): cumulative 0.000, interval 0.000
AddFile(GB): cumulative 0.000, interval 0.000
AddFile(Total Files): cumulative 0, interval 0
AddFile(L0 Files): cumulative 0, interval 0
AddFile(Keys): cumulative 0, interval 0
Cumulative compaction: 0.00 GB write, 0.00 MB/s write, 0.00 GB read, 0.00 MB/s read, 0.0 seconds
Interval compaction: 0.00 GB write, 0.00 MB/s write, 0.00 GB read, 0.00 MB/s read, 0.0 seconds
Stalls(count): 0 level0_slowdown, 0 level0_slowdown_with_compaction, 0 level0_numfiles, 0 level0_numfiles_with_compaction, 0 stop for pending_compaction_bytes, 0 slowdown for pending_compaction_bytes, 0 memtable_compaction, 0 memtable_slowdown, interval 0 total count

** File Read Latency Histogram By Level [default] **
2020/07/25-14:45:10.406766 7fcc1224f700 [column_family.cc:550] --------------- Options for column family [col0]:
2020/07/25-14:45:10.406771 7fcc1224f700               Options.comparator: leveldb.BytewiseComparator
2020/07/25-14:45:10.406773 7fcc1224f700           Options.merge_operator: None
2020/07/25-14:45:10.406774 7fcc1224f700        Options.compaction_filter: None
2020/07/25-14:45:10.406775 7fcc1224f700        Options.compaction_filter_factory: None
2020/07/25-14:45:10.406776 7fcc1224f700         Options.memtable_factory: SkipListFactory
2020/07/25-14:45:10.406777 7fcc1224f700            Options.table_factory: BlockBasedTable
2020/07/25-14:45:10.406798 7fcc1224f700            table_factory options:   flush_block_policy_factory: FlushBlockBySizePolicyFactory (0x562221a7bd00)
  cache_index_and_filter_blocks: 1
  cache_index_and_filter_blocks_with_high_priority: 1
  pin_l0_filter_and_index_blocks_in_cache: 1
  pin_top_level_index_and_filter: 1
  index_type: 0
  data_block_index_type: 0
  index_shortening: 1
  data_block_hash_table_util_ratio: 0.750000
  hash_index_allow_collision: 1
  checksum: 1
  no_block_cache: 0
  block_cache: 0x562221a536d0
  block_cache_name: LRUCache
  block_cache_options:
    capacity : 44739242
    num_shard_bits : 6
    strict_capacity_limit : 0
    memory_allocator : None
    high_pri_pool_ratio: 0.500
  block_cache_compressed: (nil)
  persistent_cache: (nil)
  block_size: 16384
  block_size_deviation: 10
  block_restart_interval: 16
  index_block_restart_interval: 1
  metadata_block_size: 4096
  partition_filters: 0
  use_delta_encoding: 1
  filter_policy: rocksdb.BuiltinBloomFilter
  whole_key_filtering: 1
  verify_compression: 0
  read_amp_bytes_per_bit: 0
  format_version: 2
  enable_index_compression: 1
  block_align: 0
2020/07/25-14:45:10.406801 7fcc1224f700        Options.write_buffer_size: 33554432
2020/07/25-14:45:10.406802 7fcc1224f700  Options.max_write_buffer_number: 6
2020/07/25-14:45:10.406803 7fcc1224f700          Options.compression: Snappy
2020/07/25-14:45:10.406804 7fcc1224f700                  Options.bottommost_compression: Disabled
2020/07/25-14:45:10.406806 7fcc1224f700       Options.prefix_extractor: nullptr
2020/07/25-14:45:10.406807 7fcc1224f700   Options.memtable_insert_with_hint_prefix_extractor: nullptr
2020/07/25-14:45:10.406808 7fcc1224f700             Options.num_levels: 7
2020/07/25-14:45:10.406809 7fcc1224f700        Options.min_write_buffer_number_to_merge: 2
2020/07/25-14:45:10.406810 7fcc1224f700     Options.max_write_buffer_number_to_maintain: 0
2020/07/25-14:45:10.406811 7fcc1224f700     Options.max_write_buffer_size_to_maintain: 0
2020/07/25-14:45:10.406812 7fcc1224f700            Options.bottommost_compression_opts.window_bits: -14
2020/07/25-14:45:10.406814 7fcc1224f700                  Options.bottommost_compression_opts.level: 32767
2020/07/25-14:45:10.406815 7fcc1224f700               Options.bottommost_compression_opts.strategy: 0
2020/07/25-14:45:10.406816 7fcc1224f700         Options.bottommost_compression_opts.max_dict_bytes: 0
2020/07/25-14:45:10.406817 7fcc1224f700         Options.bottommost_compression_opts.zstd_max_train_bytes: 0
2020/07/25-14:45:10.406818 7fcc1224f700                  Options.bottommost_compression_opts.enabled: false
2020/07/25-14:45:10.406819 7fcc1224f700            Options.compression_opts.window_bits: -14
2020/07/25-14:45:10.406820 7fcc1224f700                  Options.compression_opts.level: 32767
2020/07/25-14:45:10.406821 7fcc1224f700               Options.compression_opts.strategy: 0
2020/07/25-14:45:10.406822 7fcc1224f700         Options.compression_opts.max_dict_bytes: 0
2020/07/25-14:45:10.406823 7fcc1224f700         Options.compression_opts.zstd_max_train_bytes: 0
2020/07/25-14:45:10.406825 7fcc1224f700                  Options.compression_opts.enabled: false
2020/07/25-14:45:10.406825 7fcc1224f700      Options.level0_file_num_compaction_trigger: 2
2020/07/25-14:45:10.406827 7fcc1224f700          Options.level0_slowdown_writes_trigger: 20
2020/07/25-14:45:10.406828 7fcc1224f700              Options.level0_stop_writes_trigger: 36
2020/07/25-14:45:10.406839 7fcc1224f700                   Options.target_file_size_base: 67108864
2020/07/25-14:45:10.406840 7fcc1224f700             Options.target_file_size_multiplier: 1
2020/07/25-14:45:10.406841 7fcc1224f700                Options.max_bytes_for_level_base: 134217728
2020/07/25-14:45:10.406842 7fcc1224f700 Options.level_compaction_dynamic_level_bytes: 1
2020/07/25-14:45:10.406843 7fcc1224f700          Options.max_bytes_for_level_multiplier: 10.000000
2020/07/25-14:45:10.406845 7fcc1224f700 Options.max_bytes_for_level_multiplier_addtl[0]: 1
2020/07/25-14:45:10.406846 7fcc1224f700 Options.max_bytes_for_level_multiplier_addtl[1]: 1
2020/07/25-14:45:10.406847 7fcc1224f700 Options.max_bytes_for_level_multiplier_addtl[2]: 1
2020/07/25-14:45:10.406848 7fcc1224f700 Options.max_bytes_for_level_multiplier_addtl[3]: 1
2020/07/25-14:45:10.406849 7fcc1224f700 Options.max_bytes_for_level_multiplier_addtl[4]: 1
2020/07/25-14:45:10.406850 7fcc1224f700 Options.max_bytes_for_level_multiplier_addtl[5]: 1
2020/07/25-14:45:10.406851 7fcc1224f700 Options.max_bytes_for_level_multiplier_addtl[6]: 1
2020/07/25-14:45:10.406852 7fcc1224f700       Options.max_sequential_skip_in_iterations: 8
2020/07/25-14:45:10.406853 7fcc1224f700                    Options.max_compaction_bytes: 1677721600
2020/07/25-14:45:10.406854 7fcc1224f700                        Options.arena_block_size: 4194304
2020/07/25-14:45:10.406855 7fcc1224f700   Options.soft_pending_compaction_bytes_limit: 68719476736
2020/07/25-14:45:10.406856 7fcc1224f700   Options.hard_pending_compaction_bytes_limit: 274877906944
2020/07/25-14:45:10.406857 7fcc1224f700       Options.rate_limit_delay_max_milliseconds: 100
2020/07/25-14:45:10.406858 7fcc1224f700                Options.disable_auto_compactions: 0
2020/07/25-14:45:10.406860 7fcc1224f700                        Options.compaction_style: kCompactionStyleLevel
2020/07/25-14:45:10.406861 7fcc1224f700                          Options.compaction_pri: kMinOverlappingRatio
2020/07/25-14:45:10.406862 7fcc1224f700 Options.compaction_options_universal.size_ratio: 1
2020/07/25-14:45:10.406863 7fcc1224f700 Options.compaction_options_universal.min_merge_width: 2
2020/07/25-14:45:10.406864 7fcc1224f700 Options.compaction_options_universal.max_merge_width: 4294967295
2020/07/25-14:45:10.406865 7fcc1224f700 Options.compaction_options_universal.max_size_amplification_percent: 200
2020/07/25-14:45:10.406866 7fcc1224f700 Options.compaction_options_universal.compression_size_percent: -1
2020/07/25-14:45:10.406868 7fcc1224f700 Options.compaction_options_universal.stop_style: kCompactionStopStyleTotalSize
2020/07/25-14:45:10.406869 7fcc1224f700 Options.compaction_options_fifo.max_table_files_size: 1073741824
2020/07/25-14:45:10.406870 7fcc1224f700 Options.compaction_options_fifo.allow_compaction: 0
2020/07/25-14:45:10.406871 7fcc1224f700                   Options.table_properties_collectors: 
2020/07/25-14:45:10.406872 7fcc1224f700                   Options.inplace_update_support: 0
2020/07/25-14:45:10.406873 7fcc1224f700                 Options.inplace_update_num_locks: 10000
2020/07/25-14:45:10.406873 7fcc1224f700               Options.memtable_prefix_bloom_size_ratio: 0.000000
2020/07/25-14:45:10.406875 7fcc1224f700               Options.memtable_whole_key_filtering: 0
2020/07/25-14:45:10.406876 7fcc1224f700   Options.memtable_huge_page_size: 0
2020/07/25-14:45:10.406877 7fcc1224f700                           Options.bloom_locality: 0
2020/07/25-14:45:10.406878 7fcc1224f700                    Options.max_successive_merges: 0
2020/07/25-14:45:10.406879 7fcc1224f700                Options.optimize_filters_for_hits: 0
2020/07/25-14:45:10.406880 7fcc1224f700                Options.paranoid_file_checks: 0
2020/07/25-14:45:10.406881 7fcc1224f700                Options.force_consistency_checks: 0
2020/07/25-14:45:10.406882 7fcc1224f700                Options.report_bg_io_stats: 0
2020/07/25-14:45:10.406883 7fcc1224f700                               Options.ttl: 2592000
2020/07/25-14:45:10.406884 7fcc1224f700          Options.periodic_compaction_seconds: 0
2020/07/25-14:45:10.406917 7fcc1224f700 [db_impl/db_impl.cc:2307] Created column family [col0] (ID 1)
2020/07/25-14:45:16.620596 7fcc0f6fd700 [db_impl/db_impl.cc:401] Shutdown: canceling all background work
2020/07/25-14:45:16.621009 7fcc0f6fd700 [db_impl/db_impl.cc:582] Shutdown complete
